16.878963470458984 17.74061393737793 14.654891967773438
16.563583374023438 17.448957443237305 14.392303466796875
16.002513885498047 17.810077667236328 14.22708797454834
16.15018653869629 17.864486694335938 14.458251953125
15.42230224609375 18.215049743652344 14.280619621276855
15.26309871673584 17.33264923095703 13.793819427490234
14.77342414855957 17.722368240356445 14.419840812683105
15.16028881072998 17.27705955505371 14.258662223815918
15.067896842956543 17.632003784179688 14.241239547729492
15.555599212646484 18.098201751708984 14.400150299072266
15.23847770690918 17.276832580566406 14.752246856689453
15.41315746307373 17.29303741455078 14.68039608001709
15.28813362121582 17.231029510498047 14.801300048828125
15.558049201965332 17.239927291870117 14.950142860412598
15.650257110595703 17.19391632080078 15.017695426940918
15.591203689575195 17.84297752380371 14.824347496032715
14.995030403137207 17.704204559326172 14.843017578125
15.23117733001709 17.645265579223633 14.832148551940918
14.79423999786377 17.960309982299805 14.994832038879395
15.125311851501465 17.51860237121582 14.76021957397461
15.138325691223145 17.484237670898438 14.518831253051758
15.121891021728516 17.214967727661133 14.763026237487793
15.471150398254395 17.359519958496094 14.556367874145508
15.394973754882813 17.61444854736328 14.1900053024292
15.529109001159668 17.89331817626953 14.239924430847168
15.786906242370605 17.270259857177734 14.257954597473145
15.456392288208008 17.024444580078125 14.35239315032959
15.554238319396973 17.47156524658203 14.295390129089355
15.38463020324707 17.436073303222656 13.965861320495605
15.784234046936035 17.514644622802734 13.920927047729492
16.156497955322266 17.762723922729492 14.24789047241211
16.01130485534668 17.854063034057617 13.983951568603516
15.4871826171875 17.637893676757813 13.950661659240723
15.16505241394043 17.890291213989258 13.30131721496582
15.410317420959473 17.306943893432617 13.402240753173828
15.521323204040527 16.902490615844727 13.333537101745605
15.55663013458252 16.951702117919922 13.405251502990723
15.629104614257813 16.929004669189453 13.381399154663086
15.64729118347168 16.95877456665039 14.031847953796387
15.878711700439453 16.738977432250977 13.960880279541016
15.604551315307617 16.860204696655273 13.997620582580566
15.756183624267578 16.212886810302734 14.172453880310059
15.476298332214355 16.59676742553711 13.76833438873291
15.939688682556152 16.23949432373047 14.355599403381348
15.752739906311035 16.29819107055664 13.919864654541016
16.03015899658203 16.399669647216797 13.75545883178711
15.713115692138672 15.825319290161133 13.62170124053955
15.69771671295166 15.865633010864258 13.810701370239258
15.43002700805664 16.085859298706055 13.858131408691406
15.21561050415039 15.914304733276367 14.205594062805176
15.018068313598633 16.034080505371094 13.669557571411133
14.956485748291016 15.64537525177002 13.921350479125977
14.739334106445313 15.78618049621582 13.745826721191406
14.508453369140625 16.199602127075195 13.898200035095215
14.74986457824707 15.926559448242188 13.881998062133789
14.482467651367188 16.560985565185547 13.918315887451172
14.763615608215332 16.30962371826172 14.003994941711426
14.807547569274902 15.693134307861328 13.923868179321289
14.901881217956543 15.954082489013672 14.039007186889648
14.797042846679688 16.238435745239258 13.850321769714355
14.612369537353516 16.42432403564453 14.133822441101074
14.041243553161621 16.669898986816406 14.170890808105469
14.109196662902832 16.8360595703125 14.196200370788574
13.982331275939941 17.515380859375 14.418903350830078
14.264162063598633 17.651268005371094 14.336807250976563
14.736105918884277 17.828022003173828 14.41178035736084
14.590962409973145 18.169116973876953 14.647855758666992
14.576387405395508 18.219078063964844 14.926703453063965
