0.0
0.30535557866096497
0.32715147733688354
0.3381933867931366
0.621134340763092
0.5687688589096069
0.602641224861145
0.7672702670097351
0.8766265511512756
0.6557565331459045
0.8948928713798523
0.6555125117301941
0.5787765979766846
0.7588376998901367
0.8514443635940552
0.8777874708175659
0.7687126398086548
0.4504210650920868
0.6436178684234619
0.5813041925430298
0.5947380661964417
0.623408854007721
0.7129904627799988
0.752842128276825
0.813596785068512
0.709900975227356
0.6363580822944641
0.45538800954818726
0.46433374285697937
0.598271369934082
0.5578644871711731
0.8043058514595032
0.9656109809875488
0.8163533806800842
0.81626957654953
0.9090186357498169
0.8224830031394958
0.8568169474601746
0.7967450022697449
0.6507962942123413
0.6300833225250244
0.7731184363365173
0.6308639645576477
0.7073482871055603
0.5159610509872437
0.6557604670524597
0.5919232368469238
0.5705304741859436
0.5940961241722107
0.7025471925735474
0.7934858798980713
0.7194280624389648
0.8667623400688171
0.8384138345718384
0.6293408274650574
0.7336617112159729
0.8749642372131348
0.656388521194458
0.6433119773864746
0.7648594379425049
0.688022255897522
0.9334478974342346
0.6457720994949341
0.9479005336761475
0.7266175150871277
0.9957569241523743
1.026387095451355
0.9748278856277466
1.0793815851211548
0.9481433629989624
1.0060851573944092
1.0879085063934326
1.1125832796096802
0.9898590445518494
0.9138190746307373
0.842377245426178
0.8988725543022156
0.8434746861457825
0.781762957572937
0.766480028629303
0.9432220458984375
1.109953761100769
0.8053402304649353
0.8249279856681824
0.7837496995925903
0.7319504618644714
0.9369835257530212
0.6886406540870667
0.9481322169303894
0.8929661512374878
0.9947666525840759
0.9098197221755981
0.8897591829299927
0.6278819441795349
0.6401746869087219
0.8047767281532288
0.8826791644096375
0.8775596618652344
0.9781407713890076
0.9270614385604858
0.8554965853691101
0.8121365904808044
0.9033968448638916
0.9730454087257385
0.8531416058540344
0.8077336549758911
0.5155067443847656
0.6658605337142944
0.48988762497901917
0.7478243112564087
0.6425182223320007
0.6631541848182678
0.6054431200027466
0.7903952598571777
0.8128513097763062
0.499753475189209
0.7465397715568542
0.6201049089431763
0.6410987377166748
0.7299860119819641
0.609107255935669
0.587352991104126
0.6068374514579773
0.5953167676925659
0.7306382656097412
0.7622275948524475
0.6568351984024048
0.8737283945083618
0.6350171566009521
0.5498947501182556
0.529685378074646
0.6293811202049255
0.6110445261001587
0.8186407685279846
0.7870063185691833
0.8277363777160645
0.6561063528060913
0.4797816276550293
0.6875682473182678
0.5398691892623901
0.5702574253082275
0.6337221264839172
0.7015045881271362
0.7020460963249207
0.8632748126983643
0.7349748611450195
0.7352715134620667
0.7374919056892395
0.7920706272125244
0.5670813918113708
0.7063857316970825
0.6859879493713379
0.6014066338539124
0.5492916107177734
0.49956387281417847
0.6281991600990295
0.6923487782478333
0.5701882243156433
0.56932532787323
0.7006498575210571
0.7019080519676208
0.8614827394485474
0.8832581043243408
0.9608834981918335
0.9323246479034424
0.8399603962898254
0.9060999155044556
0.7695750594139099
0.5701422095298767
0.7712564468383789
0.7918640971183777
0.6333619952201843
0.763796329498291
0.7896740436553955
0.7435069680213928
0.6378899812698364
0.7036934494972229
0.8496429920196533
0.5525733232498169
0.6516230702400208
0.5423442721366882
0.5285283327102661
0.5634074807167053
0.6183274388313293
0.5627975463867188
0.6183683276176453
0.7295734286308289
0.7440547347068787
0.6852233409881592
0.5848546028137207
0.5116958022117615
0.6527577042579651
0.5884365439414978
0.6900867223739624
0.781286895275116
0.7930305004119873
0.7475448250770569
0.7979541420936584
0.9664992690086365
0.8101730942726135
1.0691989660263062
0.899917721748352
1.015432357788086
0.9144406318664551
0.6778124570846558
0.7161678671836853
0.5962169170379639
0.7524003386497498
0.818360447883606
0.8160024285316467
0.979364275932312
0.903104305267334
0.7261090278625488
0.8093677163124084
0.8688831329345703
0.7487927675247192
0.7647711038589478
0.8514657020568848
0.6868135929107666
0.825000524520874
0.797805905342102
0.7522976398468018
0.9143617749214172
0.9839997291564941
0.8541361689567566
0.9425529837608337
0.8196710348129272
0.8463776111602783
0.7831717133522034
0.8137595057487488
0.8591446280479431
0.8250461220741272
0.9174677729606628
0.7211471199989319
0.7360748052597046
0.7366254925727844
0.7694873213768005
0.7175477743148804
0.5850302577018738
0.6590854525566101
0.7348498702049255
0.9193165898323059
0.8356071710586548
0.7347331643104553
0.8166884779930115
0.8722421526908875
0.7525022029876709
0.7180695533752441
0.7734206318855286
0.5630870461463928
0.807883083820343
0.8034694194793701
0.7359282374382019
0.7425800561904907
0.7502449154853821
0.6954264044761658
0.6902056336402893
0.800703227519989
1.0280170440673828
0.9613847136497498
0.6515336036682129
0.678994357585907
0.6944332122802734
0.615622341632843
0.8214821815490723
0.8136071562767029
0.9519534707069397
0.8693063855171204
0.9784601330757141
0.8356032967567444
0.800838828086853
0.869438111782074
0.8842886090278625
0.8888331651687622
0.8886133432388306
0.9456667304039001
0.7320875525474548
0.704403817653656
0.7256740927696228
0.7751430869102478
0.8607611060142517
0.7373082041740417
0.7359408140182495
0.7155624032020569
0.6528186798095703
0.7467247843742371
0.7987900972366333
0.9143281579017639
0.9356257319450378
0.9507501125335693
0.955444872379303
1.0944714546203613
1.0538080930709839
0.9317213892936707
1.017745018005371
0.9365007877349854
0.9550994634628296
0.9542131423950195
1.1052769422531128
0.9061093926429749
0.8269268870353699
0.7969521284103394
0.8015590906143188
0.9258285760879517
0.7894162535667419
0.8896166682243347
0.8728644251823425
1.0582059621810913
0.7461931705474854
0.922372043132782
0.9594666957855225
0.978885293006897
1.033955693244934
0.8842288851737976
0.7323934435844421
0.8115918040275574
0.8156960010528564
0.7170222997665405
0.7464886903762817
0.7162507772445679
0.8243603110313416
0.8062186241149902
0.7817129492759705
0.8085010051727295
0.6762206554412842
0.9452033042907715
1.0875229835510254
1.007850170135498
0.976832926273346
0.8668819069862366
0.928540825843811
0.6747432947158813
0.6403937935829163
0.6446224451065063
0.6893234252929688
0.8419827222824097
0.8557961583137512
0.8999733328819275
1.0010398626327515
1.3295648097991943
1.2755593061447144
1.215824007987976
1.022770643234253
0.8442776203155518
0.9432412385940552
0.9234749674797058
0.7987061738967896
0.9326198101043701
1.0295538902282715
0.8696644902229309
0.7981297373771667
0.8467010259628296
0.9128308296203613
0.7570493221282959
0.7552720904350281
0.7990266680717468
0.8486584424972534
0.8330059051513672
0.8500234484672546
1.053795576095581
0.7003562450408936
1.0126298666000366
0.8936751484870911
0.5092371106147766
0.731846272945404
0.5340706706047058
0.5610794425010681
0.7053490281105042
0.4402754008769989
0.6046746373176575
0.4509384334087372
0.6515568494796753
0.5661869049072266
0.8666967153549194
0.6339812874794006
0.4809627830982208
0.6795246601104736
0.49925869703292847
0.5706390142440796
0.5928201675415039
0.5255478620529175
0.7163419127464294
0.8584202527999878
0.48655226826667786
0.46239134669303894
0.6286888718605042
0.7635248303413391
0.6918121576309204
0.5753553509712219
0.5679826736450195
0.6303539872169495
0.49935394525527954
0.43124279379844666
0.37588056921958923
0.5247566103935242
0.6136359572410583
0.6712216734886169
0.5746710300445557
0.6323290467262268
0.6928446888923645
0.5536895394325256
0.7358651757240295
0.5847730040550232
0.5388978719711304
0.46607303619384766
0.6542339324951172
0.4706510007381439
0.4980272948741913
0.7776703834533691
0.80831378698349
0.8865662813186646
0.7614152431488037
0.8287525773048401
0.7284453511238098
0.7851791977882385
0.7913876175880432
