0.82282901 2.45645968 1.10992358
0.86031989 3.42201221 -0.81479031
0.10385367 2.70340686 0.32959092
0.98571988 3.62738973 -0.83123011
0.91153117 4.3649594 0.09146316
0.36548304 1.48320548 0.58140179
0.48667799 2.85937502 0.05857021
0.32704831 1.4960386 0.89979974
0.76648182 2.04752741 0.38658035
0.88333932 3.48162231 0.83130919
0.87140288 3.3156548 -0.2987973
0.34339157 2.9376163 0.606317
0.54767435 2.76697229 0.12326857
0.76458466 3.93885985 -0.35212472
0.10021316 3.57882313 0.11496594
0.24823055 3.63483797 0.83915758
0.91636248 3.11015028 -0.5629335
0.27434379 3.39083814 -0.49052601
0.6379695 3.68777051 -0.6025023
0.04169061 2.85523064 -0.98127229
0.27074477 1.30765954 0.94066397
0.58642688 3.51822289 -0.9786248
0.55904849 2.61893092 0.79601286
0.65038077 2.44383234 1.59649115
0.42870368 3.793664 0.10723091
0.04268056 2.05386874 -0.27775152
0.28829757 2.38417606 -1.77611625
0.20832473 3.26514636 -0.39114162
0.83692688 2.7550605 0.42765313
0.55531698 4.32450892 0.73498322
0.36432325 2.43282446 -0.28319143
0.81615694 2.01680778 -0.05121263
0.13066847 3.38317084 -0.92089766
0.33891461 2.1707905 0.291705
0.09748034 3.09965712 0.52210607
0.4990925 2.59763756 0.01240345
0.41688223 2.15910167 0.34386121
0.70645375 2.97526027 0.40062704
0.41917503 1.57803695 -1.22442873
0.7741194 2.88943331 -0.900348
0.39175424 3.34666599 0.49772792
0.86959612 3.50198022 0.3852594
0.61660819 3.98774808 -1.40820273
0.84697787 2.41695117 0.90065586
0.25641028 2.40736189 -0.39780259
0.48363052 2.95450587 -0.74331181
0.72463649 3.81862656 1.00688606
0.90532517 3.54858652 0.06941396
0.60793803 2.56195057 1.04682204
0.98143413 2.05888884 -0.34739533
0.67226301 1.83241765 0.61812805
0.45417644 4.2020972 -1.22640999
0.05038685 2.49754193 0.17765369
0.17314643 3.61096758 -1.57512232
0.13448969 2.33249238 0.71221241
0.81947133 4.03702474 -0.70768081
0.66990207 3.91477966 0.22874498
0.77248678 3.46524816 1.89876003
0.06114181 3.07780823 -0.36495888
0.98391801 3.30650122 -1.48668001
0.11181973 2.15902982 -0.97259522
0.70937153 2.68942902 -0.12796642
0.6414772 2.94023021 0.14233565
0.09649824 3.19531528 2.05704284
0.5713951 2.78998924 -0.28807124
0.86959407 3.51800705 -0.43303754
0.74546049 2.62445052 -0.31801661
0.88647683 4.07974417 0.19288091
0.49863975 2.4880354 -0.45892048
0.1364088 2.82028593 0.34103638
0.43446219 3.52118332 1.87927654
0.73497389 2.38181301 -0.16071742
0.38348907 3.1978653 -0.05220627
0.57146789 3.79063689 -0.97680654
0.98767928 2.72932797 0.99566035
0.50313556 3.76217971 -1.14907547
0.96689867 3.20001129 -0.59896029
0.49995989 3.24057261 -0.13026399
0.72098541 2.39506922 0.3774405
0.20017701 2.68160114 -0.0135434
0.64145772 1.64439862 0.86506386
0.78642314 3.46154195 0.64568669
0.02345228 2.23408822 -0.62369338
0.19929242 1.97879413 -0.16246331
0.86445003 3.42918146 0.16124442
0.10991961 3.60499883 0.91371244
0.00568707 1.27904855 -1.79221135
0.98705491 1.56732538 0.38763457
0.64473154 3.26753443 0.11818968
0.71643631 1.45789972 -1.17645508
0.03931926 2.41904039 -0.01862029
0.32186117 4.60644239 -0.21687051
0.92731075 2.54504882 -0.00262484
0.80902295 3.61697055 0.30984741
0.8355053 2.59991411 0.88488571
0.33421758 2.92915201 -1.4081592
0.20260894 3.66086927 1.33925897
0.04377166 2.27386256 -0.99362197
0.67755554 3.07469133 -0.15429888
0.9967853 3.53110498 -0.16261602
0.02100546 2.22887926 0.06002131
0.78013827 3.48624808 -0.26057984
0.72501359 2.65446502 -1.67499482
0.16530772 2.12911879 0.5188656
0.21459564 3.32179011 -0.82970548
0.03401805 3.18668644 -0.48403834
0.52952737 2.24189852 -0.40510567
0.58147435 2.78626154 0.44802409
0.63882431 3.09188009 0.02837144
0.61925658 3.80662562 0.62681796
0.92612114 3.16330778 -1.06231166
0.97101448 2.05827999 -0.61390452
0.93090843 2.00467637 -1.17437535
0.8575737 3.85223655 0.38745338
0.70358498 2.35381887 1.43144735
0.29454953 2.7145543 0.17991479
0.92470689 3.09806302 -1.17725643
0.17293726 3.36148056 1.33684212
0.3564799 2.39229219 1.13332102
0.36175766 3.64909139 -0.06300903
0.63543938 2.08495007 -0.10555225
0.23834591 2.09066119 -0.37831097
0.49432134 3.68661461 1.4371209
0.10134015 2.69275863 0.56492262
0.7408187 2.91914951 -0.30751098
0.32682785 4.53940624 -0.6919564
0.66465499 3.24660397 -0.89236064
0.25867462 1.02267925 -0.75350761
0.96145331 2.19875908 0.80956083
0.58496032 4.43157361 0.27050749
0.82026858 3.11875942 -0.09074415
0.11464572 1.88081467 1.1518994
0.24345567 2.95906291 -0.82944233
0.46404454 3.29666033 -0.61638821
0.80775496 3.10583518 0.28228393
0.11733507 4.50775639 -0.4280465
0.56289919 2.65900509 -0.41822399
0.4015398 2.75030848 -1.09825409
0.95259486 3.74067085 -1.44748618
0.15187394 3.62865608 -0.17906408
0.18535587 2.17332941 0.54829041
0.93332275 3.8121523 -0.19111106
0.64870161 1.53415216 2.0991807
0.53491295 3.78458461 0.25403833
0.48252165 2.63276647 -0.32996352
0.44443509 3.11579579 0.11256862
0.31502212 3.42400395 -1.04440178
0.80343894 4.19952597 -0.63053059
0.6669012 2.41319784 0.27150165
0.65018948 2.39125818 0.03469138
0.06346213 1.2267794 -0.63145845
0.61672672 1.50015177 0.91621507
0.45712233 3.7836384 -0.08841129
0.60754252 2.45317151 0.36904631
0.30795754 4.0432874 0.87135923
0.80696596 3.42762313 0.32901805
0.87430859 3.6365614 0.1339778
0.70699186 2.60030382 0.40440884
0.36976948 2.94097415 1.32815631
0.31161082 3.10239297 -0.32955189
0.50949875 3.56894642 -0.24374119
0.36374466 3.19681084 -0.10638822
0.91283269 2.06870742 0.74880882
0.95707198 1.54716771 0.97503585
0.34840923 4.1249728 0.71521414
0.9506181 3.17028402 -0.68186769
0.85199196 2.85829008 0.75885099
0.41707002 1.79397087 0.67774664
0.80977239 2.79605069 0.83444128
0.1333779 0.84247288 -0.66626171
0.47487989 2.90714277 -0.21814416
0.40561622 3.59555149 -0.73229095
0.05680911 2.30957215 -1.1068274
0.06711446 3.32331178 -0.61496118
0.45502184 2.40987708 -0.72836453
0.24335226 1.94299334 -0.57156531
0.52401454 2.03912916 0.39542446
0.02319554 2.70364082 1.5183208
0.02411397 2.57676243 0.54283548
0.09726595 2.57768812 -0.3851049
0.75459975 2.41409217 0.48626662
0.3021893 3.10388536 -0.82356053
0.06067222 2.9870568 0.79256461
0.32071099 2.61571901 -1.41862011
0.273385 2.89643091 -1.19651497
0.62684147 2.05685721 -0.39992833
0.30499992 2.79267642 -0.42167941
0.15389039 2.28867315 2.01606813
0.84167583 4.18206378 0.84597757
0.97608682 3.33356025 0.62968209
0.60161454 2.98252861 0.57217227
0.89607227 3.01233607 0.16775177
0.39585599 3.05095466 0.35598125
0.43945863 2.63259624 1.16161804
0.4842893 3.6474486 -0.90934888
0.84329912 3.5997146 0.64362762
0.73515819 3.49174243 0.18455241
0.77632005 2.64065786 -0.3228496
7.44561001e-01 2.10585222e+00 -1.48676500e-03
0.33425549 3.73678846 0.57545044
0.77878724 3.39480121 -0.09648539
0.55592459 3.07868737 -0.30726229
0.33899641 3.1165138 -0.84357893
0.22234346 3.52196471 -0.9183046
0.78532307 3.70121987 -0.3186732
0.47726567 2.80293438 -0.3123966
0.68608029 3.67646998 -1.12046459
0.15316161 2.56427513 -0.48250537
0.52433826 2.93877797 -1.58875555
0.87476736 3.84351123 -0.01227338
0.0763703 4.04233443 0.42391976
0.87217638 3.65826942 0.56145638
0.24222376 3.22097005 0.55748679
0.48713679 3.10934845 -0.50051221
0.53598805 3.33164364 -0.8118314
0.99318166 2.06453804 -0.83969129
0.78894189 2.77035048 -0.29916905
0.70067065 2.48979327 0.93315315
0.49138782 3.1846965 -0.69504293
0.40969421 3.62080862 -0.72013947
0.26468044 1.70986132 0.04572757
0.60114382 2.96761898 0.2075019
0.79348151 3.24006927 0.36862694
0.11818532 2.89587219 -0.3977671
0.51468997 2.21405632 -0.71527735
0.21065895 1.6064231 -0.11155843
0.60357526 2.84953516 -0.26188133
0.37206072 3.20483347 0.73738659
0.12846431 2.4760298 -0.52624313
0.60124725 3.46894457 -1.10588025
0.22884291 2.4530505 -0.53143968
0.77623937 1.59118823 -0.51651039
0.55492393 2.78801111 0.16965699
0.89137191 3.07851107 -0.00879844
0.89194442 2.11937979 0.13214641
0.94645008 3.1377911 1.21846414
0.30350491 3.42263115 -0.19213322
0.24495044 3.88708345 1.08163115
0.69460469 2.28829689 0.62829161
0.66999557 2.93211916 0.31043489
0.69271527 3.41553634 0.05266393
0.85884151 1.67029987 1.26341729
0.11197698 4.35466746 0.62611514
0.94489884 1.06862695 -0.89298079
0.22371964 4.16391145 -0.10316534
0.1946042 2.52653302 0.85323992
0.43144081 3.85527569 0.82358568
0.73304542 4.10293722 -0.71438201
0.39861683 0.90247537 0.03016163
0.22161585 2.08649155 -0.58152864
0.39449783 3.27229336 -0.33252285
0.41932669 3.67077545 0.43369235
0.62096713 2.67270437 -0.44722282
0.47644169 3.18679161 0.20799544
0.15065627 1.96281703 0.02115812
0.31746437 3.12016315 0.52704736
0.46094204 3.19471742 -0.17904142
0.87671845 3.57300262 0.02133225
0.78615331 4.10544286 1.20542074
0.28514756 3.2686272 0.4491893
0.78838181 4.02441255 -0.82040737
0.98566333 2.97395126 -0.12132056
0.25677029 3.41525958 0.81957449
0.0372116 2.56971825 -0.29184124
0.74091157 2.59623746 0.40643273
0.4610954 3.52267659 0.71305039
0.81019928 2.1249375 -0.56184408
0.75220327 3.64350318 1.39202096
0.23401301 3.22713135 0.98664694
0.61224178 4.11721245 0.84835729
0.8036899 2.65733667 -1.00059863
0.87432921 2.36241658 -0.77052455
0.79531689 1.02889954 0.63847917
0.30045086 2.33867299 0.72531828
0.78356246 2.72111578 -0.20536471
0.21348209 2.36251047 0.71695848
0.46543328 2.05982809 -0.45943992
0.82461016 3.48096817 1.27238384
0.60993388 4.25213654 -0.44946135
0.77829696 2.17952151 0.13932463
0.25888256 2.8953371 0.30712921
0.0910897 3.93246706 1.16747021
0.11041073 3.34887862 0.52599537
0.14193514 4.30462429 -1.60747339
0.06380793 1.67941751 0.63394055
0.29618543 2.15184714 0.27664532
0.45411907 2.94516195 0.97660104
0.99462998 2.40556669 0.14042597
0.13565819 2.975718 0.96191974
0.96246387 3.72103179 -0.19016929
0.32051847 2.36697828 1.75486662
0.39772125 3.11522533 0.40531833
0.40459922 3.18231107 0.34674516
0.67625398 2.7823572 0.15839175
0.46528433 2.98622317 0.0808827
0.17035406 3.08631371 0.14089247
0.43354754 3.96661332 0.07104707
0.27629467 2.68713804 0.02579239
0.29479347 4.18085143 -0.36825883
0.58634935 2.62679928 0.82654057
0.87255449 3.72525148 0.61351618
0.23301931 4.10806162 0.96130095
0.21451582 1.93851613 0.90744457
0.46130001 2.86389018 -0.3198582
0.24469821 3.55793879 1.14005885
0.42628083 1.81488681 1.01706819
0.93765227 2.1443322 0.75780987
0.08210537 4.49620804 -1.14227765
0.0601568 3.36500471 -0.07175801
0.56084566 3.39070003 0.80812606
0.99132253 3.40646795 -1.5507093
0.70987019 2.11771912 0.37926797
0.26107464 1.88339858 -1.11450023
0.95958614 3.79060337 0.5856301
0.38005975 2.97621411 -0.58973651
0.25521429 2.58854852 -0.11837478
0.04035406 2.25213544 -1.20697605
0.71548001 3.01599489 1.56112606
0.31557551 3.14997187 -1.54785638
0.99708988 3.25374406 0.18933145
0.24220587 3.49016536 -0.14529729
0.79548323 3.56552262 0.89469478
0.77019589 3.85836572 0.40524854
0.35192228 2.91604483 -0.4378836
0.62044558 2.56133814 -0.28220406
0.09672033 2.37339734 -0.24757568
0.30859905 1.39502573 -0.74673118
0.37576524 2.65214614 -0.74560874
0.16036379 2.49996135 -0.67937782
0.39424964 2.93319298 -0.69840302
0.77549068 1.8356537 -0.23662822
0.53997559 1.56006062 1.22286033
0.26928388 3.81973848 0.5439388
0.41969263 2.99039248 -0.21779035
0.34561596 3.66556189 0.21109139
0.83342375 3.38998226 -0.78092654
0.68767974 2.11043993 -0.22842803
0.46012722 1.46074237 0.25176756
0.05010012 2.78647618 1.9748774
0.91286795 3.34170764 0.4518187
0.67608046 4.01603006 0.60916826
0.11871977 3.50696459 -0.58253969
0.72110363 2.62491767 0.06629557
0.16361093 3.73562868 1.24837958
0.77680739 1.76059702 0.71655968
0.39693804 2.39326492 1.04174355
0.14834223 4.00204121 -0.64142502
0.50664222 1.84832704 -0.84792098
0.95896271 2.4208286 -0.32779447
0.7509424 2.57099383 0.02230212
0.9536305 3.45041225 0.18450126
0.18671943 3.19361509 0.91306609
0.45666996 2.23568724 -0.71231108
0.80212562 3.42125127 0.09100413
0.09427698 2.94777449 -1.53017949
0.87498045 2.56282255 -0.11895498
0.72629398 3.46593113 0.18983424
0.36351601 2.32903612 -0.64418579
0.28973633 4.27132833 -0.51447703
0.31471251 3.35217387 0.557923
0.81323465 2.2378953 0.41730261
0.76319878 1.03103911 -0.5496676
0.89615464 3.38416735 -0.98715629
0.659588 1.93206367 0.0839245
0.10337661 3.56142391 0.27816131
0.29192137 2.96629113 -0.61146406
0.16703347 2.0265943 0.85819384
1.17753391e-01 2.35485941e+00 -1.63876871e-03
0.35050053 2.10964133 -0.18615336
0.58695617 3.93557566 -0.78394366
0.89523254 3.33220771 0.48084164
0.63817387 2.09936195 0.25867173
0.74297257 2.83855905 1.03146592
0.30866519 2.45920219 0.33805381
0.55481098 3.01761289 -0.24968482
0.4545717 1.9726084 -0.16092959
0.75229173 2.56361883 -0.63318988
0.06905319 2.7451286 -1.01117684
0.86488617 2.90007095 0.53031666
0.97591004 2.44359713 -1.05923245
0.71250601 2.63552091 1.21443889
0.95728984 3.88206219 -1.1832207
0.46620659 3.52560199 -0.14197999
0.82037028 4.51754435 0.2110949
0.92172486 3.09309031 0.17999591
0.23780114 3.35017559 0.28440024
0.1239464 3.06051481 0.18278135
0.93468239 3.86616592 -0.50090402
0.57126413 4.24537572 0.45702592
0.48085165 4.0350386 1.27682429
0.99040972 3.84770018 1.88127166
0.27739519 3.66987023 0.3359585
0.35986398 4.63977076 -0.85455377
0.14588718 4.42002359 0.39449429
0.67884742 2.69832402 2.14087936
0.76293899 4.73353328 -0.35316823
0.18043981 5.21868948 0.08485227
0.89849138 4.92456994 -0.27445532
0.00995967 4.7746606 0.12685835
0.43968937 4.55593279 0.27529292
0.99933782 5.0001691 0.79666481
0.46323676 4.73525784 -0.08973535
0.78690238 4.7216824 0.19902928
0.94585888 4.98332744 -0.5186634
0.45921476 5.11249743 0.83466051
0.48417886 4.84123741 -0.01612527
0.64259879 6.41798174 1.1238152
0.86498104 6.24856327 0.41916421
0.87756867 5.55873465 1.52273716
0.53952626 5.7438801 1.53599123
0.89518382 5.75767749 1.26703713
0.32623532 7.13275561 1.33949742
0.25497103 5.22926235 1.18186999
0.34398085 5.076419 1.24997642
0.04528622 5.93706685 1.08800037
0.85930011 5.52458285 0.80303237
0.57978902 6.7363175 2.86088369
0.09085223 4.66061638 1.31122337
0.5904503 5.50974824 1.08051174
0.6548793 6.81676952 0.46940248
0.93211711 5.59955826 0.44282251
0.03383366 4.49653661 0.57768596
0.06971031 6.52967156 1.14457457
0.80532305 6.88233784 1.40983123
0.63348904 4.51115688 0.63316458
0.56503732 5.51485367 -0.58141157
0.61930273 5.80086406 0.40654122
0.21422747 6.37032712 1.81834666
0.77483429 4.99594542 0.64771887
0.49790624 5.45747697 1.80728819
0.07878331 7.45553724 0.36709503
0.83767703 6.23335446 1.5362896
0.07442322 6.66686445 1.6685776
0.59591323 5.5714043 1.2067857
0.68066639 6.60772507 1.79552272
0.9315439 6.98626042 0.68895404
0.19049821 5.10723639 0.68797962
0.58157383 6.38514821 1.15582828
0.74367641 5.83164923 1.28891137
0.7975982 5.18065253 1.99084383
0.25111362 5.33643701 0.23367761
0.19385665 5.28501142 1.02943229
0.12779253 5.76105746 -0.04751686
0.63992948 6.44218536 0.41444201
0.28756653 5.4510486 -0.780747
0.9576146 6.00923219 1.56175164
0.62936342 6.35196085 0.68576059
0.7678818 6.75318436 1.09012634
0.25515624 5.53634067 1.32425521
0.15285506 6.25118627 2.18266549
0.32267352 6.10944387 0.57620407
0.56564252 6.40634849 2.14425128
0.67589942 5.76354765 1.21704868
0.20331674 5.67409804 2.00327557
0.69886922 7.4350892 0.88210563
0.8982966 4.43396937 1.89608549
0.75266842 6.34649396 0.66705538
0.75125044 6.76718002 0.1224828
0.28628347 6.96716315 1.42236395
0.60910282 6.04539732 0.88912921
0.22215729 5.8551371 2.25951233
0.46789569 4.95321696 0.19921914
0.87414508 5.48083289 -0.043398
0.46681517 6.13120783 -0.67136756
0.78901763 6.08203722 0.41197875
0.3276332 6.22128504 0.81936728
0.87618936 5.34237879 1.5080111
0.46047414 5.54493524 0.32130483
0.67009376 6.66236529 2.10331287
0.45728532 4.91343196 0.18712771
0.80259516 6.23514827 1.75324063
0.96454602 6.21300644 1.50907825
0.22390915 5.35737373 -0.74789618
0.77330802 4.90687434 1.34048206
0.00736725 5.02075975 0.65272707
0.07233826 5.91969266 -0.79405968
0.41078811 6.45452507 1.26897657
0.38696408 5.54477053 1.06998951
0.32248257 5.7374839 0.37357364
0.62058662 6.75556824 0.1541347
0.54538986 5.62398419 1.86678469
0.61931482 5.41199096 0.39578323
0.5089026 5.80220407 0.91481537
0.14637062 5.37566462 1.71959689
0.08276824 6.07694376 2.14163404
0.50388275 5.79275305 0.47598163
0.77085772 5.80753402 0.73354299
0.54215773 6.03214889 0.50745209
0.20360162 7.26906722 0.25764731
0.18985959 5.19398721 0.3066991
0.43152997 6.64476412 2.39977849
0.71392721 6.58667925 1.62527737
0.40348603 5.85522605 0.29319527
0.86514681 5.93997501 1.27285635
0.95719556 6.63375157 0.68376335
0.15935301 5.64768505 0.58113385
0.29366775 5.28057262 0.99941924
0.35923299 6.4006898 1.45218357
0.96826428 5.60613337 0.51168969
0.7851788 5.66945559 0.57839396
0.51777341 5.88108456 0.76945604
0.46506506 4.66654563 1.243407
0.26194662 5.59694982 1.12871436
0.81636307 4.94403149 2.07407786
0.68249407 6.39605547 0.91316258
0.34278605 4.94582501 2.29941551
0.98858843 5.08530861 1.68647441
0.81239197 5.23326486 0.57335453
0.60734496 5.92588205 1.21114008
0.67008539 6.17660975 1.13551069
0.47630189 6.28936603 2.12560971
0.34485596 6.82513575 0.80634318
0.55503259 5.84697301 1.69171986
0.9769184 5.33002622 1.33855415
0.26971255 5.33476231 1.73339395
0.29401047 4.89378224 1.0326329
0.77572439 6.30996901 1.14888096
0.5629285 7.1520996 0.59594357
0.1037762 5.13333995 0.34740774
0.99981635 5.98849802 0.06637398
0.42040424 6.25772229 0.79811194
0.21346757 6.09017874 1.13332234
0.15756173 5.78451776 0.16969918
0.12181439 5.7365786 0.5335376
0.65153588 6.77454814 1.08097131
0.43387685 6.63519634 2.24603866
0.54901075 7.06195105 1.43956116
9.48771116e-01 6.26056883e+00 -3.99602535e-03
0.13237794 5.53696905 2.07771237
0.1136344 4.58131445 0.24865332
0.15049479 5.6403087 2.04896318
0.58739601 6.27751401 -0.15528829
0.04098688 6.59959227 1.37710916
0.57443709 5.24423265 1.53765452
0.06945722 6.42808534 1.21694265
0.13024634 5.44363192 1.21652822
0.66756721 6.95128998 -0.50852779
0.33069885 5.50719126 0.73169605
0.44570518 6.14422329 1.25570074
0.79536651 5.57627129 1.51483086
0.00993783 6.12149636 2.87796188
0.23845867 5.27761189 0.86187117
0.13742214 6.71988149 1.78981092
6.12291623e-01 4.95885785e+00 3.82085451e-03
0.65565674 4.68924167 0.80435565
0.37576413 5.48093028 0.29438017
0.81336038 5.28114127 1.20991475
0.4811474 6.0629855 1.92422206
0.22081866 5.84930461 0.67281608
0.07451552 5.42344084 0.59258646
0.89970917 5.1108848 -0.58383252
0.37990818 5.20127133 0.77394539
0.20948542 6.41682756 1.03957255
0.58027736 5.45392597 1.31862897
3.10138382e-04 5.80659890e+00 1.08159340e+00
0.51934183 5.62285408 0.52453168
0.64340768 7.22657475 1.14454561
0.90525732 5.42302031 -0.08311009
0.7686784 5.86062539 2.23143041
0.4777138 7.22838366 2.05329153
0.95781812 5.83639764 1.4237818
0.20173267 6.56485594 1.37082569
0.99415021 5.73016645 0.49871235
0.53149424 4.41923811 1.1926245
0.89564976 5.91907447 2.38597687
0.14215977 5.73892467 1.47772471
0.2476866 5.06315538 2.37018933
0.12974323 5.02069721 -0.34094141
0.89230365 5.5775709 -0.76975748
0.91150327 4.32322376 1.48355147
0.12407817 5.42235369 1.85755423
3.79653981e-01 7.36229786e+00 3.72026641e-03
0.18162031 5.97855515 1.64483253
0.62437376 5.28411076 1.31842142
0.79977551 5.97631265 -0.13686654
0.38921001 6.88716051 0.98958244
0.9862885 6.05582229 0.83765331
0.67856389 5.61887653 0.07493524
0.88972462 5.05385318 -0.07529426
0.24612799 6.89514989 1.66972615
0.00905935 4.9120931 1.29355596
9.85025446e-01 5.09009173e+00 -4.40445126e-03
0.51562377 6.43000119 0.61546482
0.69043911 5.43730133 0.9049912
0.07616975 5.48934504 2.19439761
0.75553729 5.89513158 0.35978947
0.78480244 6.59990502 1.44871137
0.70892951 6.55553355 1.79325761
0.90480011 6.70428475 1.17278683
0.61644611 5.25610829 1.69625906
0.7849581 6.77078648 0.39320923
0.00733751 6.31045551 0.72160823
0.14229346 6.49378319 -0.31332943
0.66342116 7.35851733 0.96771379
0.94629673 5.79799834 -0.14082242
0.71795412 4.99126859 1.86457777
0.69094897 5.80911094 0.89523449
0.42578379 5.83487668 0.45927031
0.41998094 5.62788928 1.32728843
0.7129917 6.58183051 -0.19184587
0.15475445 5.42358067 0.83673004
0.97491324 6.77139487 0.56726713
0.40723751 6.58708812 2.40393115
0.42658556 5.69187652 1.12004823
0.34449361 4.55703507 0.83938346
0.47322913 6.58212089 0.98376417
0.22601231 6.87330375 2.37702836
0.26824487 6.20954421 1.30363234
0.55239665 6.73135035 -0.25127326
0.46615939 6.94220908 0.30565795
0.65566877 5.20372159 -0.04705255
0.19713074 7.18016948 1.04240874
0.94417093 6.83808053 0.42277396
0.55961238 6.58957998 0.25016113
0.95504129 5.11361569 1.75282396
0.25470013 6.40088992 1.12042429
0.03285791 6.69480642 1.08888394
0.70309294 6.24469186 1.05932103
0.70961213 7.17633148 0.69423031
0.78770951 5.69221745 -0.02556998
0.08139692 6.99242127 2.26879981
0.45889503 5.64503051 0.70495566
0.11437464 4.74310059 1.33178726
0.7677682 6.90905921 1.11131883
0.60559367 5.71818696 1.52347308
0.11796278 5.97863407 2.04203931
0.41720779 6.57486388 1.24420562
0.94952403 5.47510329 0.91346481
0.76909407 5.36303292 0.55488523
0.51479623 6.59797487 1.18435072
0.5527624 6.95258467 0.98918277
0.99303188 5.0182092 0.50968478
0.15308831 4.89038564 0.69038403
0.8219034 7.35074154 0.5399839
0.96192589 7.71186548 0.63322183
0.19322113 5.53671951 0.27971824
0.08109497 5.26264633 1.16750683
0.48929 6.5698171 1.27850051
0.4943408 4.94362878 2.00067933
0.46144263 4.45855864 0.74889275
0.82917381 6.44882568 1.97506155
0.58759975 6.71504871 1.34237825
0.75674161 5.38737714 0.05825342
0.67735444 5.9720427 0.54483987
0.84923789 5.74971774 1.03955121
0.64309182 6.19638629 0.39462996
0.79722652 5.87008814 1.03304192
0.38237162 5.47629037 0.86314953
0.98786817 6.50279663 1.58036682
0.93534571 6.81056522 1.27099824
0.40388627 7.58066153 0.68132316
0.63056138 5.53419226 0.82003123
0.03741601 6.45168409 0.53508947
0.88471178 5.81446716 0.55642293
0.31723436 6.27255401 2.25185647
0.22843864 6.23352209 0.88382267
0.55579501 4.66433872 1.42475966
0.05436517 5.56411174 1.21209777
0.15284466 6.01805304 0.78172652
0.21292733 4.8419635 0.4623376
0.55486162 6.01931704 0.81380789
0.64114056 5.45146295 1.29008493
0.99358955 4.65161897 0.61056965
0.29296026 6.31707013 0.31198687
0.09230793 6.16957853 0.13522148
0.22825198 5.59853164 1.50063861
0.87772814 5.63398682 0.26222001
0.32494939 7.1242858 1.01810105
0.80883645 6.17984846 0.49778157
0.53153207 5.00611882 0.86702288
0.93532848 5.40522965 0.80314869
1.17054803e-03 6.66707486e+00 1.00636880e+00
0.69477696 5.70806436 1.35982944
0.72183473 5.65649687 0.85208647
0.61474375 6.42711021 1.68448107
0.67600046 7.57958064 0.75503339
0.15771887 6.64710381 0.71037054
0.52378259 6.74008344 0.3456331
0.49102029 6.37464991 0.7537194
0.87789203 6.320448 0.10726785
0.36236327 5.08691386 -0.26486091
0.62998691 6.14725187 -0.42485797
0.02023047 6.04204407 0.68698184
0.35074952 6.53179869 1.0659042
0.9246511 5.26548241 1.6796031
0.51639407 7.09141907 1.38513325
0.07335424 5.66065365 0.72867331
0.53552127 5.85573263 1.97517893
0.63213319 6.11473106 1.67975477
0.07221282 6.50498517 -0.28887904
0.74896459 6.683039 -0.49031597
0.32747137 6.41431312 1.62592541
0.77233708 6.46068354 1.60352388
0.90354802 5.91104703 0.94805909
0.80539142 6.21138345 0.50016374
0.12594959 7.38404783 0.31479522
0.75217195 5.65975785 -0.35965183
0.14941301 5.60382608 1.11537989
0.12928834 5.35844943 1.26251774
0.30714479 5.51876398 -0.02396858
0.29734772 5.58827331 0.79694093
0.48267126 5.30384929 2.09845682
0.36436262 6.90515874 0.95220858
0.9730761 4.73592594 1.68664724
0.71186772 6.26989109 1.2211859
0.84734245 5.49944266 0.70949288
0.23148674 6.9760493 1.53284752
0.62307246 5.56516266 0.48235715
0.776444 7.06131498 0.39087919
0.59745509 4.82012759 -0.70006537
0.77571889 6.30651345 1.41273991
0.79513646 6.29074148 0.67090702
0.54256488 5.03013382 0.33218497
0.15626197 6.74549414 1.06823676
0.61250476 5.71518117 1.52804189
0.04465658 6.74434667 -0.12361776
0.24369157 6.53847479 0.65937093
0.60165703 7.58639966 0.51594929
0.41565425 7.46145982 -0.25009445
0.17597639 6.29026004 1.51671101
0.9003231 6.85304067 -0.16833622
0.16242548 7.04826711 0.64504854
0.75018269 6.23588904 2.16442947
0.18487494 5.54684485 1.58283007
0.51970995 6.431284 1.22003369
0.05898464 4.84851164 0.6334973
0.18492948 6.56169502 2.07121842
0.3952277 6.13597564 -0.05775027
0.26753099 7.7229759 0.87228895
0.8433329 6.46897721 1.7764178
0.51203583 7.45807012 0.47186691
0.90379874 6.41587671 1.98208379
0.45306892 7.23339868 -0.0110227
0.3745272 5.83433495 1.26791115
0.47590211 5.21145164 2.02889043
0.46976938 7.08090637 0.94908315
0.57321646 6.89442397 0.90701986
0.98306573 4.66938872 0.48020631
0.22360853 5.36690087 1.53652441
0.38293624 6.7302796 -0.39309356
0.84752479 6.75176815 1.01460946
0.11850555 6.96271896 0.74239204
0.06838227 6.61567284 1.08653661
0.62498083 4.41178772 1.19425664
0.79049737 5.60488157 1.36383503
0.68654602 6.28741616 0.16958759
0.31470579 4.38826952 1.98536941
0.19888098 6.91331359 1.04455206
0.31240085 4.5555464 0.91411527
0.7629007 6.94058238 1.32232937
0.89869246 4.84754715 0.65284651
0.45670047 6.63510351 -0.2137892
0.80931018 5.32898541 0.80654054
0.89800754 5.35472235 1.42468951
0.05468657 5.69629146 2.86803236
0.99390731 6.58336915 1.30782186
0.9665911 5.50945641 0.61324517
0.21038367 4.87929453 2.37798163
0.80993935 6.13789174 1.7144097
0.46579596 7.0489202 1.47013546
0.21906389 5.65988046 0.65504011
0.99542728 5.13069877 0.73990652
0.55704969 5.90148766 1.84866011
0.94644579 6.80955499 1.22795088
0.86174201 6.52356398 1.30971651
0.62195745 6.08809003 0.78493153
0.94537694 5.50495789 0.28608847
0.91491894 6.10905508 2.2856035
0.72080389 7.87303073 0.95374522
0.9194178 5.83000182 0.03577358
0.37282893 4.87363168 1.31942642
0.50899015 4.87085251 -0.52844282
0.59083921 5.86542771 1.56724093
0.5552059 6.66946105 1.57835177
0.47979541 6.70934316 1.06523205
0.73064627 6.57807801 1.26926709
0.93768729 4.70529627 0.4952167
0.52473763 4.76809136 1.15497674
0.07049517 5.45148665 -0.0408298
0.41751751 5.55312584 0.20678158
0.16725077 5.8206728 1.49748169
0.16867207 5.97598292 0.56535462
0.27985246 6.21133419 1.03905546
0.41995745 5.30657275 1.06596186
0.25085698 5.77690788 0.93352567
0.11060171 7.08712094 1.26541579
0.7118659 4.86706258 0.07370945
0.70686822 4.84006775 0.77381719
0.06839636 6.14301161 0.92104144
0.81353962 7.43267631 1.4431167
0.47398468 5.47946574 2.73709836
0.05881046 4.62681134 1.81597045
0.6459697 4.2180589 1.69435111
0.72224082 5.4513267 2.33337416
0.34874466 5.52142547 2.39840613
0.94499397 6.25532063 2.60966576
0.16172179 6.53496594 2.68906813
