0.7807305 3.13454447 2.50618837
1.51709135e-03 5.32837026e+00 3.00506215e+00
0.54686365 4.53604344 2.25683731
0.36849219 5.57989554 3.19782466
0.68774841 4.29489547 2.3774472
0.79508973 2.66685763 4.80176793
1.16696749 2.76831748 3.15648063
0.22502114 3.70757202 3.89568307
0.2766789 3.42351212 3.95737983
0.86656108 4.34465834 4.74743525
0.0732024 3.62976993 2.94810286
0.20241347 2.82864095 4.17473634
0.62100748 4.29324945 5.18460242
0.09046881 4.36587688 3.6398409
0.28148098 3.32789599 3.02989315
1.1616878 4.06737808 4.57575604
0.54029123 4.1479556 5.24072491
0.30964793 3.74034669 4.45414457
0.47133163 2.56138233 3.77012086
0.82100899 3.65610007 4.02896163
0.69512981 4.09862692 3.6842224
1.14391243 3.40704467 4.88537199
0.83781617 3.55734229 5.47865135
0.07637171 5.76346754 3.2535611
0.49351969 3.43602517 5.69197107
0.74689296 4.32375181 4.45480629
0.38830226 4.68450141 3.68607646
0.25561751 5.08541792 3.52211312
1.26525014 4.52086472 3.56620111
0.22880279 3.55266384 4.54014611
0.31064365 4.74222472 4.06650778
0.1499371 3.8436014 3.42982683
0.16047419 3.88954787 3.8573594
0.02944324 5.0265199 4.90343268
0.20566748 3.79557417 3.54203954
0.20746753 4.19954899 5.10591331
0.00757535 4.50945861 3.86261687
0.8753117 3.64188227 3.66336153
0.03966872 3.4925769 4.34438759
0.35705736 3.03344948 4.4793614
1.31767117 4.67830211 3.22266679
3.12692806e-03 3.38759125e+00 5.10872361e+00
0.27513723 4.28671552 3.44885372
0.03911842 4.91454691 4.50927683
0.41230512 3.31481015 4.68979719
0.78620839 4.48218447 4.61435504
0.41644682 5.35554343 4.16313157
0.26979604 2.94207084 3.36711984
0.1491136 4.35909079 3.87890222
1.15817865 3.3168656 3.16905224
0.40957518 4.29433176 3.23956853
0.20450493 4.81025852 3.44366707
0.29936089 5.46567222 3.98728547
1.51055556 2.97315899 5.48829763
0.50758243 3.65879341 3.68043028
0.57066208 2.5636309 2.67128061
0.35263509 3.42741145 3.18439546
0.24432022 4.94893838 4.58458029
0.05762769 5.42075168 4.21059866
0.47314146 4.54677192 3.17596093
0.39038157 4.6693326 4.12213363
1.5268424 3.14984474 4.43080972
0.84204061 3.77981406 3.87645354
0.55136781 3.97606572 3.68840643
0.36434995 4.93496192 3.46026147
0.49686639 3.12942062 4.20423783
0.92688668 3.6768693 3.07673273
0.78393334 3.52365729 2.90412877
2.05435361 3.04274749 4.41005842
0.6484933 3.43288101 2.46654121
0.49387388 3.83946554 4.20382255
0.54327776 4.17225166 4.504346
0.89983082 5.23882363 4.88184232
0.16440513 3.85159841 4.62089748
0.23706852 4.28013027 3.21677884
0.57203027 5.51763077 3.97679557
0.83927517 4.96857769 3.35560048
0.5039202 5.09281609 3.83588052
0.63732548 4.20005526 2.35954069
1.19604071 4.53956216 4.01429708
0.58361209 5.00431767 5.28674023
0.45628698 3.93116927 3.90467137
0.56886351 3.14353739 4.38128582
0.51856087 5.12709621 3.90044236
1.30677988 3.90100215 4.0591379
0.66618711 3.94027701 4.10850347
1.15300696 3.56591146 3.38072075
0.42220034 2.27729294 3.09784651
0.89811735 2.70507741 3.93169254
0.86086475 4.15651486 4.12637264
0.93016025 4.74523397 4.88210578
0.55002109 5.33106447 3.51659852
0.4934674 3.30342477 3.57928062
1.01034261 3.51719758 4.25544164
0.6596078 4.18975377 2.21969706
0.86202422 3.38377427 4.8323362
0.37617003 4.1519727 3.0626515
0.75583444 4.36492641 4.06196526
1.08741564 4.80917564 4.05839924
1.25067129 2.85450087 5.23281431
0.79270623 4.96796072 3.5042484
0.05952837 3.45987623 3.09433676
0.58184728 5.57988933 3.4489878
0.13867697 3.63797691 3.00927233
0.60087784 4.00408618 2.98845911
0.2289841 3.59632883 4.19338133
0.27390374 3.01396469 2.93965821
1.32537083 4.1414128 3.37666826
1.26297176 3.20711772 4.56414757
0.68261078 3.90164168 2.44784904
0.56682801 4.42200383 4.01352664
0.48327082 4.41145459 4.39943675
1.0170238 4.2127294 5.76759174
1.16104246 2.88096787 4.05281458
0.94720718 4.49680105 3.29221574
0.31888652 3.83957627 4.81888915
1.24320153 3.66197655 5.36975852
0.7152002 3.77440846 4.46583693
0.48746775 3.17865911 3.50967179
0.46382695 3.06852019 5.09381017
0.075676 3.51452883 5.12682386
0.42046251 4.29028738 5.272958
0.24102136 3.87250418 4.42088578
0.44441386 3.01736049 3.73582462
0.79432608 3.932825 4.61062361
0.16796611 2.59109956 6.0758439
0.62189077 4.17222323 5.27840743
0.32388445 4.66810523 4.3790088
0.74056851 3.53016185 3.98868484
0.50396233 4.6896681 3.91502384
0.31179485 3.53510311 3.98218069
0.42440678 3.86261255 4.65377475
0.35860723 3.09378253 3.17069975
1.27792093 3.27692783 3.76642835
1.74593612 2.83639234 4.8711788
0.15208341 3.77111482 5.23424951
0.43911622 3.37226792 4.72503066
0.23914549 3.35510475 3.91170157
0.56344658 2.61215951 4.14463946
0.26450517 4.0332334 3.55742142
0.73959343 3.37808773 4.0655796
0.15289002 4.95010832 3.80669197
0.64214077 4.63292347 4.80619023
0.72579064 2.95290784 4.86871777
0.23379664 3.66119228 4.46700842
0.18622321 4.8239065 4.10473412
0.33477616 4.19240469 4.55156764
0.23999851 2.61985173 4.18574696
0.00978967 3.76828517 4.48892477
0.04282797 3.73764274 4.20368044
0.07436053 3.85590607 4.99369784
1.14894679 3.58364053 3.95898562
0.79757084 5.20414487 3.95049078
0.55449451 2.51508414 4.02280383
0.6491049 3.1921762 4.83946041
0.38968126 3.53529311 4.47076161
0.14271386 3.21568368 4.41921085
0.21251145 4.75087806 3.65395292
0.09872603 4.31858991 4.17482706
0.08077138 3.51995981 5.90184649
1.93078099 4.38915921 5.45321072
0.03415543 3.50560359 4.19669852
0.57080328 3.87985792 4.15037184
0.92057767 3.82118444 4.54235419
0.03559501 3.3005328 2.88202988
0.5524447 3.73457132 3.70065251
0.85820276 3.5149175 2.97913741
0.9011944 4.76708957 3.06258559
0.31382956 5.59895576 3.67130955
0.94725359 2.82393258 4.55853826
4.09062638e-04 5.50130530e+00 3.73113781e+00
0.06064797 3.30223881 4.69623961
0.19236898 4.31836611 3.52972938
0.6566103 4.77588846 4.49944064
0.57215557 3.51375232 3.93816556
0.73318261 3.76687229 2.58231649
0.45880364 4.9571278 4.17171934
0.55286059 4.31092042 3.31584124
0.6311295 4.30106047 5.12654206
0.37994624 2.97485238 4.91558781
0.36974456 4.81233684 4.848876
0.81177662 4.37734549 4.07135998
8.24538761e-04 4.78219643e+00 3.94652361e+00
0.96234673 3.51907752 6.22556009
0.02964243 3.85921236 3.88592669
0.62901711 4.13529218 3.73532379
0.08614774 4.07171295 4.42403746
0.71825391 3.53325054 4.31072527
0.3626506 2.78751254 4.15562928
0.61769774 4.23851426 2.70364714
0.47086989 5.17310695 5.28208012
1.27357659 3.61960322 3.37248319
0.01434889 5.39378107 4.64794506
0.84736456 2.77150064 3.70421419
0.24940763 4.21676439 3.99775625
0.64691117 4.32625733 4.13604183
0.29736458 3.98242512 2.99657415
0.06551298 3.31938007 6.22878169
0.66941691 3.47763103 4.57580207
0.44418236 3.30064292 4.090734
0.53723759 3.98034974 3.44394999
0.6097713 4.47389132 3.52050624
0.89111328 4.13472887 3.06995602
0.89956158 3.64636356 3.60308842
0.57527915 4.40995765 3.62613186
0.60028347 3.8822041 2.92497978
0.57432227 3.23571196 5.43998428
0.06765082 4.47082106 4.06307598
1.43042473 2.86304416 3.67452258
0.88122478 3.24667884 3.52221892
0.42126325 4.51008723 4.00112803
1.32581042 4.63478987 4.6125584
0.91098698 2.97886052 3.77775354
0.21130489 4.19595135 3.87905017
0.0171035 4.33327197 4.58217327
1.21349804 4.34241571 3.2058171
0.98063607 3.70070309 3.74267216
0.57714506 2.80251376 4.09170593
0.63779004 3.95613902 2.35731481
1.64104623 4.98405797 5.32745215
0.56071273 5.14708524 3.91304245
1.24037566 5.18224434 5.02512079
0.03183506 2.90733311 3.98275098
0.37530552 3.95767463 4.39183381
0.04480206 4.15186833 2.97665667
0.25082985 3.90997331 4.13954568
0.50335667 4.08127392 4.04494919
0.90789288 5.0932922 5.13097714
1.61041278 3.61416036 3.9215846
0.23671728 3.93441056 4.66251391
0.37144492 5.2213157 4.1517923
1.48758473 4.18233743 3.76815836
0.63333984 4.26470412 3.46530171
1.24353737 2.54622906 4.77210502
1.29640988 5.0713922 3.8458533
0.03001287 3.48953221 3.05155587
0.02860638 4.98068415 2.54894974
0.29268965 4.57653528 3.76519258
0.82530468 5.20066779 3.69491627
0.21788254 2.49480878 3.6232423
0.49093472 4.88779663 4.71260696
0.80322766 3.13199462 3.89210983
0.26817477 3.60303608 3.65125038
0.45362336 4.62627031 2.85958051
0.39623955 3.21338971 4.34996632
1.02045478e-03 3.28060472e+00 4.15308952e+00
0.50151864 4.60206609 5.29177412
0.58513334 3.34066718 5.12846771
0.79362242 4.8127387 4.25068426
0.52675739 2.82300136 3.07468601
0.39316883 2.58307585 5.27678399
0.1160855 4.33880647 3.68888724
0.94591695 2.84070348 4.80905849
0.62908957 4.18989809 4.07763941
1.52530918 4.63126171 4.27928775
1.20546877 4.41414519 4.01396661
0.55376087 3.68617761 4.33285145
0.34758814 4.30490089 3.95303233
0.99789052 4.14496877 2.76378242
0.77737774 3.30360928 4.01791134
0.39106346 3.63675169 3.88542927
0.31578857 4.11634809 3.276242
0.1758287 2.63256951 2.98161021
1.53921706 4.5650899 3.51612225
1.98014793 4.55857129 3.01794524
0.10335743 3.05364293 5.11511841
0.22903174 4.40194176 3.65971915
1.17957664 2.85940543 4.10860695
1.36478367 4.29405329 3.86024723
1.18787207 3.92845367 4.4121621
0.22981595 3.97340652 5.14742344
0.93232466 3.93259711 3.12754801
0.05359531 2.69865056 3.42662454
0.87620408 4.69874411 4.55412326
0.00574719 4.19384522 3.72727068
0.22246119 4.44697874 4.52059085
0.56726046 3.06575981 4.20090975
0.48295485 3.97817058 4.50321934
0.03306839 5.58894171 3.14255414
0.18061336 2.68955088 3.86400894
0.51397567 3.20758079 3.63240058
0.1190049 3.86596074 4.12957444
0.13208008 4.96428765 2.99029413
0.28552524 3.65918055 5.41444026
0.69779443 5.62458188 4.08157246
0.80753965 4.42800713 3.87696104
6.28411990e-04 4.23285325e+00 3.43669061e+00
0.32038022 4.71820377 5.6446593
0.12707657 4.38285484 2.75027376
0.87991202 3.27326686 4.32863557
1.1120707 4.40391107 4.0828422
0.94665377 2.66373555 3.31166761
0.95338899 3.81954993 3.71317209
0.05676588 3.5019237 3.68154741
0.10284588 3.23704961 3.82016626
0.31708623 4.60545639 3.85806822
0.80768838 4.89107736 4.1692367
0.63201288 3.16197738 5.13196194
0.25610082 3.36161506 4.05342855
0.2221287 3.70642249 5.00231625
0.71097562 4.32674724 3.52803893
0.53197969 4.81063611 3.83997454
0.93075118 4.0866339 3.91541647
0.67846903 3.04472219 4.22503801
1.80506406 4.2804722 4.42698276
0.55768434 3.55568644 4.61137143
0.59184416 5.08349033 3.98026855
1.07656746 3.96082519 1.99004098
0.06729329 4.32191787 3.41769691
0.02434411 4.87145507 4.20485641
0.00918111 3.90684148 4.57718995
0.39931712 3.67826725 5.56912557
0.2200614 4.99990687 5.00668773
0.307881 4.5889846 4.40616783
0.51252837 3.92220425 4.21559585
1.65894578e-03 3.46980384e+00 5.09153788e+00
0.42301465 4.54838185 3.33514542
0.62644821 4.94048334 3.0073349
0.20407359 4.10188058 5.02293017
0.01191611 3.16338622 3.22775624
0.33477252 4.36457087 4.38174293
0.42626938 2.26980864 3.25333747
0.55193069 3.26892865 3.25875532
0.24699265 3.92467727 4.49742953
0.20942635 3.80185597 2.92984246
0.45226829 4.30062986 3.05036456
0.43319156 3.99531389 3.97386913
0.39572231 3.90600528 3.86394775
0.67126258 4.20075348 4.33068849
0.65462234 3.51296871 3.29391587
1.12771436 2.56293522 3.4032796
0.04925921 4.33262072 4.29321777
0.20408657 4.00097419 5.23626935
0.25976469 3.99051734 3.81156104
0.36456187 3.62812882 3.72067453
0.53191059 3.48404656 2.53547948
0.30141339 5.10164611 3.94801275
0.07618143 4.68386732 3.65479926
0.23212458 4.58473712 4.14351546
2.27933636 4.73355072 5.28654241
0.68857813 4.52240189 3.28240443
0.40571601 3.18387274 3.67341538
0.72043602 4.90639125 4.54105074
0.34164437 2.95602641 3.45606477
0.27683338 4.355725 4.46895586
0.71939987 5.35909014 3.31459366
1.55385442 4.55083632 3.42386168
0.20965907 3.9946134 3.54895158
0.27331038 4.77098476 3.17018825
0.56335225 4.40811224 3.30862303
0.17736799 3.69743011 4.41609392
0.24743081 4.73215531 3.57959611
1.28741089 4.0743927 5.82443266
0.77754645 4.37813225 2.87677681
0.95977039 4.06894094 3.15586949
0.14726482 4.29287986 6.13754976
0.96095146 4.87969809 3.4412141
0.33645612 4.74927058 4.29674909
0.70830234 3.67846904 4.46689251
0.12671187 4.1755115 4.64571167
0.59683465 3.62411727 4.45377623
0.16156492 4.33574736 3.17851749
0.05684314 3.59574897 3.11575206
1.51567045 3.27091188 3.6799763
0.89876902 5.12092078 4.68247126
0.42069196 4.76450075 4.19860403
0.61757041 4.59557413 3.52060904
0.10402491 3.7075865 3.07315012
0.53810418 5.01418113 3.58471431
0.53056933 5.05736766 5.47108262
0.44486701 2.80786989 4.63504138
0.55888276 3.51100023 3.83248167
0.58542442 3.60209121 2.66194846
0.14060063 3.5451985 3.48339148
0.64597819 4.01045895 4.71073639
0.19711817 4.5906791 4.8069902
0.83882563 3.54410804 3.88361549
0.9716058 4.32315515 4.11384409
0.87885406 3.86806134 4.30602862
1.53411463 4.13371898 4.07757553
0.90708005 3.281569 3.90217647
0.22686985 4.5937344 4.26250001
0.39507347 5.09673412 4.50200482
0.669177 5.94679984 3.1243988
0.86326746 5.69773078 3.69321183
0.07222234 4.87421356 4.63345183
0.57383972 -1.57972605 6.99326138
0.55717891 0.97385935 7.07011432
1.61942163 0.03233737 7.79151664
0.97964829 -0.79121116 5.61429156
0.57674793 0.64318796 6.25603413
0.09154365 -0.41166386 7.29666686
0.85724576 0.11865584 7.37776928
0.48342969 2.05153182 6.04363113
0.42848507 -0.95848521 7.71344116
0.87998931 0.39132927 6.04273001
0.0499826 0.1546732 6.95411036
0.3000589 0.12152715 8.41781129
0.75334026 -0.27425316 7.17209073
0.00863219 -0.58307237 6.51474846
0.23094686 0.48293275 7.81053808
0.38851933 -1.14246046 6.57342855
0.51157355 0.275843 5.85160138
0.73914915 -1.15684384 7.11566554
0.94829569 -0.71725611 8.41248933
0.33582189 -0.96035552 6.17880383
0.14390249 1.05767634 6.66310184
0.78073032 0.42121772 7.50527372
0.42195662 -0.15120739 6.03617144
0.91325226 0.46304865 6.79167011
0.0621844 0.10515036 7.29389148
0.32788403 0.87293808 7.89674144
0.55623151 1.82122243 6.41628246
0.67618151 0.38972695 6.42744709
0.38821111 0.3139711 7.93085247
0.66637197 -0.67949699 6.90265226
0.28088359 1.42910588 7.61974075
0.46041287 1.26611545 6.93907496
0.95376622 1.40209706 6.45045904
0.11204292 -0.93911871 7.52309717
0.19546673 2.30029224 7.33778408
0.99463825 -2.01551976 7.79149993
0.8593839 0.48255958 5.95652917
0.27772531 -0.0555725 7.19188232
0.16867784 0.06471953 7.13560179
0.19640414 -0.79213843 6.01952921
0.17426067 -0.92414293 6.79431281
0.08882439 0.329157 7.84467709
0.84025009 0.15108827 7.26052415
0.3138655 0.30821483 6.08417091
0.59775586 -1.31646948 6.97317465
0.34535129 0.15130163 7.93743058
0.02705697 0.13430734 8.24483305
0.54468973 -0.08578258 7.06352597
0.25285261 -0.07319086 6.43810252
0.90351841 0.60624604 8.45129955
0.90117271 1.21322311 8.01992219
0.83994813 0.03029093 6.969715
0.81772782 0.36665314 7.1211424
0.149073 -1.02097347 7.88236973
0.97766707 -0.5903601 8.02613735
0.30385714 -0.41423848 6.83204598
0.36714319 1.04276697 6.62577182
0.63651638 -0.13380421 7.97639527
0.54228516 0.1730889 7.09144811
0.0146266 0.84524982 6.79993768
0.41949697 0.4640219 5.70533451
0.95493164 0.86635704 7.20267035
0.56645532 0.30740071 5.98529043
0.23623543 -0.54341094 7.22900052
0.34073565 -0.65620228 7.9643584
0.4969974 -0.20775196 6.43980767
0.19907053 -1.13636043 7.3595552
0.94499831 -0.15443396 7.29719009
0.20999154 -0.23517961 7.68581907
0.23043215 -0.07970186 6.52168475
0.0876793 0.57048657 7.31585889
0.24424197 0.42244259 7.70007262
1.33697476 0.73951245 7.17954377
0.4639092 -0.54586741 7.74714861
0.77443806 -1.22048794 6.63642983
0.99284248 0.19056666 7.79481049
0.60527876 -0.36710677 6.84324112
0.10644179 -0.15030124 7.27057456
0.62899141 0.89890305 7.01919427
0.60333478 0.1905881 7.91019107
0.76578206 1.66272193 6.97374853
0.24028276 -0.3251508 7.44296391
8.62472470e-01 -1.40556060e-03 7.62151805e+00
0.20515619 0.62003498 6.57653727
0.57489718 0.4996724 6.5777345
0.16414819 -1.55152563 7.41262109
0.26154049 -0.40248543 5.71471923
0.37448674 -2.07898629 7.37561383
0.445369 -0.82840616 6.57187313
0.23748873 -1.21712461 6.45612037
0.81506033 0.93679077 7.03745711
0.18863781 0.46348128 6.88819998
0.77292704 -0.79098888 6.55774556
0.77283852 0.47091236 6.51115875
0.66307137 1.56207763 9.00866954
0.40022912 1.59300823 7.01573388
0.85167007 -1.64481647 8.32018841
0.07121784 -0.45215027 5.85611442
0.51054473 0.57677275 5.56062792
0.28429406 -0.61073942 6.13695501
0.39162573 1.05470407 8.17120007
0.57831091 0.86018392 7.63620564
0.53508967 0.98227382 6.68650813
0.08816594 -1.22629429 6.64021346
0.80641947 -0.02988322 6.63254266
0.79236217 -1.53351424 7.37921995
0.28290936 0.38995256 6.99631051
0.0202011 -0.79939579 7.0633789
0.95814479 -0.06178959 7.02071676
0.66723242 -0.13196156 7.14946572
0.60256594 -1.56196905 7.69310238
0.22301728 -0.98987457 7.80463203
0.44218374 1.17508298 7.18506827
0.86175352 0.43601587 6.16507429
0.82981424 0.20788766 6.41976144
0.06728552 -0.1005256 7.35370364
0.23687907 -0.16527197 7.09412701
0.62428303 -1.2002012 8.48094552
0.92323305 1.05493081 6.97291556
0.84770894 -0.5948248 6.81533809
0.99276522 0.41950186 7.85131347
0.36564793 -1.30611223 6.81073637
0.56539427 0.26864433 7.79046192
0.48026727 -1.10953408 7.39711962
0.30852642 1.02830228 6.84119511
0.87109941 0.07375079 6.56519465
0.29725136 0.26198747 7.0745636
0.58296725 1.24593799 8.02343132
0.9983107 0.83988292 7.60199954
0.37401311 -0.23926297 8.08292825
0.09126491 -0.63487252 6.51806607
0.77707525 -0.12626707 6.41289819
0.67684338 -0.53361727 7.52777825
0.11439623 -0.54904808 6.51259641
0.38409086 -0.78326942 8.19168898
0.00870541 -0.58240828 5.99653669
0.12098604 -1.61818044 6.80488461
0.48275132 0.63805074 6.97121396
0.43704984 0.40268561 8.19993426
0.5924204 -1.01957575 7.58719175
0.09159149 -0.29369822 6.38383524
0.73918422 0.74802912 7.98181725
0.73865076 1.16835559 6.41688771
0.26943002 0.60004988 7.98578201
0.35199525 -1.31125175 6.47698356
0.51878482 0.0587526 7.61148738
0.84555654 0.05007157 7.22180194
0.05470487 0.6707686 7.00781838
0.07893127 1.83628497 8.16449865
0.32992565 -0.58639647 8.7083053
0.25052817 0.74392157 7.05223258
0.93861613 1.10295295 5.75521807
0.01379692 -0.24171385 7.73630139
0.71082478 -0.62247466 6.80800449
0.68622022 -0.03088161 7.10923599
0.69937684 -0.09928875 6.39583113
0.71617089 0.78480021 8.08629734
0.81066147 1.19926394 8.82356791
0.70150764 0.65617798 8.37864257
0.6048349 0.31599911 5.96379851
0.03844357 0.40919143 6.58836607
0.27820897 -0.51205488 7.06133801
0.22395858 1.91411995 6.90445435
0.65080934 -0.45190187 7.36541855
0.9916506 0.15240862 7.26746633
0.69596015 -0.5822699 7.41842176
0.88625767 0.63080326 7.67115703
0.948971 -0.12732323 6.93396971
0.11529607 0.15386577 8.00924636
0.73716835 0.54791459 6.62364546
0.5859333 -0.67624424 6.25913485
0.8307193 0.11151145 8.55143201
0.09316826 -1.1616238 8.40752892
0.79943972 -0.28977916 6.76293443
0.52249949 -0.42481652 6.11889422
0.40163751 0.48509725 7.58906189
0.9816047 0.43596112 7.01802778
0.36814337 0.41379204 5.31819743
0.97936525 0.1454726 7.64560274
0.43074277 -1.08334322 7.61060078
0.08508214 -0.9477045 6.60405445
0.28860065 0.88970865 7.50689005
0.2939214 -1.17794251 7.56318885
0.28027409 0.14372949 6.5523633
0.67092502 -0.59421838 7.54209981
0.7603867 0.26504201 8.31496978
0.41764576 1.56418605 6.71984655
0.12413766 1.25980724 7.8374277
0.41343081 -0.1869755 6.66098879
0.41678989 0.10060059 6.33902792
0.83800831 -0.34752394 6.69268733
0.76013981 -0.20806018 7.45933684
0.88810657 1.35571581 7.26549819
0.2233829 -0.67312449 7.72995582
0.60109986 0.60868094 7.2461287
0.68110435 1.05032841 7.27771203
0.25400847 0.90850278 7.76231903
0.73984508 0.68141359 7.03906097
0.87491232 0.02466995 7.12424957
0.62446624 0.58603904 6.60422036
0.96786432 -0.49417683 7.69080886
0.34456988 -0.14261612 7.08280614
0.97227036 0.66098082 7.29044756
0.28555389 0.52224464 5.21804359
0.26272045 -0.79961242 7.59260983
0.16515909 -0.30006939 6.8263263
0.70608221 -0.12395423 8.25640626
0.08431251 0.86251426 7.62728693
0.98245634 -0.28633114 5.77437487
0.95049353 -0.50908871 6.68235888
0.82364564 -1.5007331 7.17670463
0.38947179 0.5795599 7.15087618
0.04105807 0.36270498 5.97282872
0.77892705 -1.93075516 5.50466984
0.97344824 1.4314963 7.25054025
0.6353784 0.79996864 5.8423947
0.60361378 -0.47465634 6.46984533
0.97470743 -0.98997957 8.09337038
0.71581499 0.26528043 7.0668285
0.45996487 -1.12755554 7.65742755
0.1224359 -1.31791082 6.69529179
1.69208331e-03 -3.54330520e-01 7.91651851e+00
0.2055728 -0.26462447 8.22214214
0.63468324 0.57143479 6.46646519
0.11084486 0.01176053 5.77024323
4.41131402e-03 -8.69367037e-02 6.20594549e+00
0.6696909 0.32362816 7.67171383
0.12069764 0.54585058 5.52113289
0.02115065 1.5100344 8.62059618
0.31856519 -1.14031867 6.67336989
0.40200666 -0.1726826 5.73817049
0.53137857 -0.09173449 5.3736431
0.38096384 0.0219642 7.09847363
0.10262149 -0.17874523 6.90491154
0.47577916 0.4936476 6.71032639
0.4912238 -1.04447285 7.61716282
0.76138926 0.51421617 4.99956742
0.69028868 -0.98282633 6.54926898
0.37094978 1.69846037 7.55158483
0.92899885 -0.21021518 6.37768054
0.31267372 -0.6220424 8.38942472
0.71452667 0.96942772 6.99356838
0.73181873 -0.16803033 6.53368454
0.06553668 0.5188151 6.23802011
0.22757391 -0.76433808 7.53593405
0.68865932 -1.43538686 6.3255699
0.91346605 -1.55416739 7.19336563
0.28997713 1.68406943 7.36896676
0.494565 -0.23863789 7.54783859
0.84907526 -0.47288752 8.73262256
0.96669149 -1.91284686 6.13837024
0.64404464 2.2383197 7.07164399
0.95009977 -0.23457471 6.5087877
0.31473685 0.39824402 6.04233248
0.1475667 1.16526027 7.18621195
0.77479925 0.1432975 7.59911382
0.36818251 1.7154649 7.02538663
9.69231590e-03 2.69364703e-03 6.01516557e+00
0.22730893 0.16950477 6.06948046
0.75085211 -0.05332278 8.73366948
0.65938787 -0.07526983 7.34046058
0.14070456 -0.92856908 5.16232112
0.08289882 -0.90350891 7.17892671
0.11105274 0.14956403 7.02308492
0.66683797 0.01918951 7.11857289
0.70180758 -0.12786556 6.97810126
0.46375968 -0.63417346 6.19841866
0.02922035 -0.80364728 7.53568783
0.41718274 -0.09327126 7.2982217
0.21794052 1.53605337 7.96497604
0.27740816 0.12810087 6.77114865
0.70176553 1.0233657 5.96514012
0.55745495 -0.61753542 7.53621664
0.57607921 1.57041212 7.2966797
0.5680813 -1.28233175 6.26412105
0.83757487 0.41281549 7.09618829
0.40232735 -0.33818347 6.6672359
0.12648655 0.1452683 6.50589314
0.10694181 -2.57086154 6.84512863
0.47619144 -0.89379526 7.17650744
0.90909879 -0.46858747 7.48755491
0.19409911 -1.0882271 7.27607965
0.44222266 -0.77836032 8.20110626
0.65952691 0.94351852 6.38510338
0.13173314 0.39378877 6.23722162
0.73081574 -0.03513967 6.91869388
0.75264906 0.25887253 5.67551909
0.98047352 -0.25012827 6.4125522
0.86055745 -0.52135815 7.42546947
0.86214057 -0.17732716 5.89590401
1.82228249e-05 -2.43962076e-01 8.09639916e+00
0.09190473 -0.32747227 8.2622413
0.03101855 0.29022049 7.63472602
0.3808817 0.70988108 7.78703039
0.26131406 0.37168931 7.97520062
0.13211872 0.74320341 7.78023837
0.04962752 -0.55740927 7.8065932
0.09958906 0.84198616 6.97272642
0.37480314 0.1905715 7.51603026
0.71281406 1.45019756 7.85931866
0.79680849 -0.42927524 6.69733556
0.44760261 0.05926638 7.36356655
0.74140903 0.40221595 6.12301021
0.76911491 0.3154465 8.4615097
0.87114145 0.82144579 7.01906752
0.01437976 0.02782738 7.66215894
0.88790388 0.17641379 6.77236825
0.73554267 0.37843379 5.62178841
0.81391984 0.42281597 7.88583995
0.21449793 -0.64430484 7.39491392
0.99485722 -0.36756536 7.01820773
0.47378022 0.26557001 7.71538071
1.40044509 -0.39840661 7.19863052
0.9673026 -0.61166963 7.81328967
0.43812332 0.64675983 6.07305322
0.01125008 -0.55959288 8.21878227
0.66774737 0.5758457 6.51397811
0.5568899 1.52831297 6.67730414
0.10593027 -0.07452548 6.41374369
0.95172123 -0.19416408 7.6746044
0.28636747 -0.36389356 6.63604438
0.51611506 0.83183358 5.99548181
0.41507362 0.94730798 5.78426681
0.06936075 -1.11453033 8.22539165
0.88117758 -0.63560585 5.22786121
0.077134 -0.45426948 7.03640151
0.73768074 0.1142505 6.5237775
0.28280556 -0.14805631 6.35199921
0.64981253 0.99093416 5.54035331
0.93387304 -1.17705744 7.74298115
0.83584827 0.3019776 5.45634958
8.65875237e-01 -1.31194415e-03 6.53637077e+00
0.17753453 0.20279702 7.591312
0.88080802 0.64247455 7.82457753
0.47965915 0.43393131 6.7256881
0.34669832 0.03155422 7.26346281
0.54124841 1.01020579 5.96473867
0.06724826 -0.83990445 6.87757308
0.01092249 -0.27101809 6.99431533
0.36925464 1.09203129 7.08049085
0.54914557 -0.06839083 5.57705537
0.73371658 0.18765304 6.2317121
0.58045696 -0.4159684 8.11416235
0.10906962 -0.59826122 6.57986266
0.76400888 0.62494673 7.34971088
4.74645510e-03 4.40706010e-01 7.68732821e+00
0.53795539 0.40210482 7.00297073
0.62803071 -1.06302066 6.71824912
0.76899284 -0.13257391 6.46855436
0.32285702 -0.15737622 6.44698784
0.52822535 -0.59720024 6.29409538
0.62356441 -0.89165985 5.12827341
0.9983879 -2.43830488 6.92049986
0.55321152 0.37908008 7.88558921
0.82069892 1.38683686 6.92914261
0.57685544 0.22240048 7.11601916
0.83002662 -1.41710846 6.87582957
0.01887067 1.0141971 7.44306393
0.84655237 0.56838955 7.17236791
0.4381132 -0.93672805 6.73554759
0.16359318 0.08548314 7.72310225
0.00690078 0.25111799 6.6418313
0.83032245 -1.03421678 5.46001138
0.98529983 0.03488338 7.97505821
0.79915366 0.42648887 6.7642932
0.69657512 0.30042869 7.63276834
0.55393321 -0.83648598 6.58795265
0.02926432 -0.07338403 7.76450436
0.93620952 0.38991209 6.78322967
0.96481918 0.95716266 7.09102908
0.10844135 0.50136886 8.1601316
0.99654676 -1.33444106 7.25721479
0.95256699 -1.25543829 7.75835456
0.18474833 0.51594781 7.95776328
0.40864142 0.45411868 7.99509251
0.53888394 -0.71108967 6.42958523
0.55679774 -0.18607273 7.38218097
0.18691511 -0.78192338 6.60011297
0.7697192 0.83292039 7.21707709
0.4134954 0.01244719 6.49035594
0.73904702 1.35725139 7.11859777
0.4965219 -0.52361183 7.4206258
0.06784851 -0.38559455 6.69240498
0.11785654 -0.40774813 7.70265075
0.06376477 -0.64016332 5.12496464
0.70963493 -1.23357209 7.79355563
0.51695294 0.64196818 7.19829879
0.90007445 1.67722791 7.28338772
0.14882971 -0.04767374 5.85301098
0.73580863 -0.56161281 4.54592245
0.51369376 0.69371628 5.89116485
0.74065919 0.15347493 7.44370454
0.29705881 0.91122972 7.33543886
0.98471474 -0.30985872 6.52065483
0.32099624 -0.47353219 6.91884035
0.89448596 0.6196776 6.59637764
0.11856352 0.37916859 7.16607296
0.31694098 0.88143288 7.94380161
0.90936403 0.69807075 6.77524937
0.14612102 -0.11931575 6.79548795
