0.76293899 4.73353328 -0.35316823
0.18043981 5.21868948 0.08485227
0.89849138 4.92456994 -0.27445532
0.00995967 4.7746606 0.12685835
0.43968937 4.55593279 0.27529292
0.99933782 5.0001691 0.79666481
0.46323676 4.73525784 -0.08973535
0.78690238 4.7216824 0.19902928
0.94585888 4.98332744 -0.5186634
0.45921476 5.11249743 0.83466051
0.48417886 4.84123741 -0.01612527
0.64259879 6.41798174 1.1238152
0.86498104 6.24856327 0.41916421
0.87756867 5.55873465 1.52273716
0.53952626 5.7438801 1.53599123
0.89518382 5.75767749 1.26703713
0.32623532 7.13275561 1.33949742
0.25497103 5.22926235 1.18186999
0.34398085 5.076419 1.24997642
0.04528622 5.93706685 1.08800037
0.85930011 5.52458285 0.80303237
0.57978902 6.7363175 2.86088369
0.09085223 4.66061638 1.31122337
0.5904503 5.50974824 1.08051174
0.6548793 6.81676952 0.46940248
0.93211711 5.59955826 0.44282251
0.03383366 4.49653661 0.57768596
0.06971031 6.52967156 1.14457457
0.80532305 6.88233784 1.40983123
0.63348904 4.51115688 0.63316458
0.56503732 5.51485367 -0.58141157
0.61930273 5.80086406 0.40654122
0.21422747 6.37032712 1.81834666
0.77483429 4.99594542 0.64771887
0.49790624 5.45747697 1.80728819
0.07878331 7.45553724 0.36709503
0.83767703 6.23335446 1.5362896
0.07442322 6.66686445 1.6685776
0.59591323 5.5714043 1.2067857
0.68066639 6.60772507 1.79552272
0.9315439 6.98626042 0.68895404
0.19049821 5.10723639 0.68797962
0.58157383 6.38514821 1.15582828
0.74367641 5.83164923 1.28891137
0.7975982 5.18065253 1.99084383
0.25111362 5.33643701 0.23367761
0.19385665 5.28501142 1.02943229
0.12779253 5.76105746 -0.04751686
0.63992948 6.44218536 0.41444201
0.28756653 5.4510486 -0.780747
0.9576146 6.00923219 1.56175164
0.62936342 6.35196085 0.68576059
0.7678818 6.75318436 1.09012634
0.25515624 5.53634067 1.32425521
0.15285506 6.25118627 2.18266549
0.32267352 6.10944387 0.57620407
0.56564252 6.40634849 2.14425128
0.67589942 5.76354765 1.21704868
0.20331674 5.67409804 2.00327557
0.69886922 7.4350892 0.88210563
0.8982966 4.43396937 1.89608549
0.75266842 6.34649396 0.66705538
0.75125044 6.76718002 0.1224828
0.28628347 6.96716315 1.42236395
0.60910282 6.04539732 0.88912921
0.22215729 5.8551371 2.25951233
0.46789569 4.95321696 0.19921914
0.87414508 5.48083289 -0.043398
0.46681517 6.13120783 -0.67136756
0.78901763 6.08203722 0.41197875
0.3276332 6.22128504 0.81936728
0.87618936 5.34237879 1.5080111
0.46047414 5.54493524 0.32130483
0.67009376 6.66236529 2.10331287
0.45728532 4.91343196 0.18712771
0.80259516 6.23514827 1.75324063
0.96454602 6.21300644 1.50907825
0.22390915 5.35737373 -0.74789618
0.77330802 4.90687434 1.34048206
0.00736725 5.02075975 0.65272707
0.07233826 5.91969266 -0.79405968
0.41078811 6.45452507 1.26897657
0.38696408 5.54477053 1.06998951
0.32248257 5.7374839 0.37357364
0.62058662 6.75556824 0.1541347
0.54538986 5.62398419 1.86678469
0.61931482 5.41199096 0.39578323
0.5089026 5.80220407 0.91481537
0.14637062 5.37566462 1.71959689
0.08276824 6.07694376 2.14163404
0.50388275 5.79275305 0.47598163
0.77085772 5.80753402 0.73354299
0.54215773 6.03214889 0.50745209
0.20360162 7.26906722 0.25764731
0.18985959 5.19398721 0.3066991
0.43152997 6.64476412 2.39977849
0.71392721 6.58667925 1.62527737
0.40348603 5.85522605 0.29319527
0.86514681 5.93997501 1.27285635
0.95719556 6.63375157 0.68376335
0.15935301 5.64768505 0.58113385
0.29366775 5.28057262 0.99941924
0.35923299 6.4006898 1.45218357
0.96826428 5.60613337 0.51168969
0.7851788 5.66945559 0.57839396
0.51777341 5.88108456 0.76945604
0.46506506 4.66654563 1.243407
0.26194662 5.59694982 1.12871436
0.81636307 4.94403149 2.07407786
0.68249407 6.39605547 0.91316258
0.34278605 4.94582501 2.29941551
0.98858843 5.08530861 1.68647441
0.81239197 5.23326486 0.57335453
0.60734496 5.92588205 1.21114008
0.67008539 6.17660975 1.13551069
0.47630189 6.28936603 2.12560971
0.34485596 6.82513575 0.80634318
0.55503259 5.84697301 1.69171986
0.9769184 5.33002622 1.33855415
0.26971255 5.33476231 1.73339395
0.29401047 4.89378224 1.0326329
0.77572439 6.30996901 1.14888096
0.5629285 7.1520996 0.59594357
0.1037762 5.13333995 0.34740774
0.99981635 5.98849802 0.06637398
0.42040424 6.25772229 0.79811194
0.21346757 6.09017874 1.13332234
0.15756173 5.78451776 0.16969918
0.12181439 5.7365786 0.5335376
0.65153588 6.77454814 1.08097131
0.43387685 6.63519634 2.24603866
0.54901075 7.06195105 1.43956116
9.48771116e-01 6.26056883e+00 -3.99602535e-03
0.13237794 5.53696905 2.07771237
0.1136344 4.58131445 0.24865332
0.15049479 5.6403087 2.04896318
0.58739601 6.27751401 -0.15528829
0.04098688 6.59959227 1.37710916
0.57443709 5.24423265 1.53765452
0.06945722 6.42808534 1.21694265
0.13024634 5.44363192 1.21652822
0.66756721 6.95128998 -0.50852779
0.33069885 5.50719126 0.73169605
0.44570518 6.14422329 1.25570074
0.79536651 5.57627129 1.51483086
0.00993783 6.12149636 2.87796188
0.23845867 5.27761189 0.86187117
0.13742214 6.71988149 1.78981092
6.12291623e-01 4.95885785e+00 3.82085451e-03
0.65565674 4.68924167 0.80435565
0.37576413 5.48093028 0.29438017
0.81336038 5.28114127 1.20991475
0.4811474 6.0629855 1.92422206
0.22081866 5.84930461 0.67281608
0.07451552 5.42344084 0.59258646
0.89970917 5.1108848 -0.58383252
0.37990818 5.20127133 0.77394539
0.20948542 6.41682756 1.03957255
0.58027736 5.45392597 1.31862897
3.10138382e-04 5.80659890e+00 1.08159340e+00
0.51934183 5.62285408 0.52453168
0.64340768 7.22657475 1.14454561
0.90525732 5.42302031 -0.08311009
0.7686784 5.86062539 2.23143041
0.4777138 7.22838366 2.05329153
0.95781812 5.83639764 1.4237818
0.20173267 6.56485594 1.37082569
0.99415021 5.73016645 0.49871235
0.53149424 4.41923811 1.1926245
0.89564976 5.91907447 2.38597687
0.14215977 5.73892467 1.47772471
0.2476866 5.06315538 2.37018933
0.12974323 5.02069721 -0.34094141
0.89230365 5.5775709 -0.76975748
0.91150327 4.32322376 1.48355147
0.12407817 5.42235369 1.85755423
3.79653981e-01 7.36229786e+00 3.72026641e-03
0.18162031 5.97855515 1.64483253
0.62437376 5.28411076 1.31842142
0.79977551 5.97631265 -0.13686654
0.38921001 6.88716051 0.98958244
0.9862885 6.05582229 0.83765331
0.67856389 5.61887653 0.07493524
0.88972462 5.05385318 -0.07529426
0.24612799 6.89514989 1.66972615
0.00905935 4.9120931 1.29355596
9.85025446e-01 5.09009173e+00 -4.40445126e-03
0.51562377 6.43000119 0.61546482
0.69043911 5.43730133 0.9049912
0.07616975 5.48934504 2.19439761
0.75553729 5.89513158 0.35978947
0.78480244 6.59990502 1.44871137
0.70892951 6.55553355 1.79325761
0.90480011 6.70428475 1.17278683
0.61644611 5.25610829 1.69625906
0.7849581 6.77078648 0.39320923
0.00733751 6.31045551 0.72160823
0.14229346 6.49378319 -0.31332943
0.66342116 7.35851733 0.96771379
0.94629673 5.79799834 -0.14082242
0.71795412 4.99126859 1.86457777
0.69094897 5.80911094 0.89523449
0.42578379 5.83487668 0.45927031
0.41998094 5.62788928 1.32728843
0.7129917 6.58183051 -0.19184587
0.15475445 5.42358067 0.83673004
0.97491324 6.77139487 0.56726713
0.40723751 6.58708812 2.40393115
0.42658556 5.69187652 1.12004823
0.34449361 4.55703507 0.83938346
0.47322913 6.58212089 0.98376417
0.22601231 6.87330375 2.37702836
0.26824487 6.20954421 1.30363234
0.55239665 6.73135035 -0.25127326
0.46615939 6.94220908 0.30565795
0.65566877 5.20372159 -0.04705255
0.19713074 7.18016948 1.04240874
0.94417093 6.83808053 0.42277396
0.55961238 6.58957998 0.25016113
0.95504129 5.11361569 1.75282396
0.25470013 6.40088992 1.12042429
0.03285791 6.69480642 1.08888394
0.70309294 6.24469186 1.05932103
0.70961213 7.17633148 0.69423031
0.78770951 5.69221745 -0.02556998
0.08139692 6.99242127 2.26879981
0.45889503 5.64503051 0.70495566
0.11437464 4.74310059 1.33178726
0.7677682 6.90905921 1.11131883
0.60559367 5.71818696 1.52347308
0.11796278 5.97863407 2.04203931
0.41720779 6.57486388 1.24420562
0.94952403 5.47510329 0.91346481
0.76909407 5.36303292 0.55488523
0.51479623 6.59797487 1.18435072
0.5527624 6.95258467 0.98918277
0.99303188 5.0182092 0.50968478
0.15308831 4.89038564 0.69038403
0.8219034 7.35074154 0.5399839
0.96192589 7.71186548 0.63322183
0.19322113 5.53671951 0.27971824
0.08109497 5.26264633 1.16750683
0.48929 6.5698171 1.27850051
0.4943408 4.94362878 2.00067933
0.46144263 4.45855864 0.74889275
0.82917381 6.44882568 1.97506155
0.58759975 6.71504871 1.34237825
0.75674161 5.38737714 0.05825342
0.67735444 5.9720427 0.54483987
0.84923789 5.74971774 1.03955121
0.64309182 6.19638629 0.39462996
0.79722652 5.87008814 1.03304192
0.38237162 5.47629037 0.86314953
0.98786817 6.50279663 1.58036682
0.93534571 6.81056522 1.27099824
0.40388627 7.58066153 0.68132316
0.63056138 5.53419226 0.82003123
0.03741601 6.45168409 0.53508947
0.88471178 5.81446716 0.55642293
0.31723436 6.27255401 2.25185647
0.22843864 6.23352209 0.88382267
0.55579501 4.66433872 1.42475966
0.05436517 5.56411174 1.21209777
0.15284466 6.01805304 0.78172652
0.21292733 4.8419635 0.4623376
0.55486162 6.01931704 0.81380789
0.64114056 5.45146295 1.29008493
0.99358955 4.65161897 0.61056965
0.29296026 6.31707013 0.31198687
0.09230793 6.16957853 0.13522148
0.22825198 5.59853164 1.50063861
0.87772814 5.63398682 0.26222001
0.32494939 7.1242858 1.01810105
0.80883645 6.17984846 0.49778157
0.53153207 5.00611882 0.86702288
0.93532848 5.40522965 0.80314869
1.17054803e-03 6.66707486e+00 1.00636880e+00
0.69477696 5.70806436 1.35982944
0.72183473 5.65649687 0.85208647
0.61474375 6.42711021 1.68448107
0.67600046 7.57958064 0.75503339
0.15771887 6.64710381 0.71037054
0.52378259 6.74008344 0.3456331
0.49102029 6.37464991 0.7537194
0.87789203 6.320448 0.10726785
0.36236327 5.08691386 -0.26486091
0.62998691 6.14725187 -0.42485797
0.02023047 6.04204407 0.68698184
0.35074952 6.53179869 1.0659042
0.9246511 5.26548241 1.6796031
0.51639407 7.09141907 1.38513325
0.07335424 5.66065365 0.72867331
0.53552127 5.85573263 1.97517893
0.63213319 6.11473106 1.67975477
0.07221282 6.50498517 -0.28887904
0.74896459 6.683039 -0.49031597
0.32747137 6.41431312 1.62592541
0.77233708 6.46068354 1.60352388
0.90354802 5.91104703 0.94805909
0.80539142 6.21138345 0.50016374
0.12594959 7.38404783 0.31479522
0.75217195 5.65975785 -0.35965183
0.14941301 5.60382608 1.11537989
0.12928834 5.35844943 1.26251774
0.30714479 5.51876398 -0.02396858
0.29734772 5.58827331 0.79694093
0.48267126 5.30384929 2.09845682
0.36436262 6.90515874 0.95220858
0.9730761 4.73592594 1.68664724
0.71186772 6.26989109 1.2211859
0.84734245 5.49944266 0.70949288
0.23148674 6.9760493 1.53284752
0.62307246 5.56516266 0.48235715
0.776444 7.06131498 0.39087919
0.59745509 4.82012759 -0.70006537
0.77571889 6.30651345 1.41273991
0.79513646 6.29074148 0.67090702
0.54256488 5.03013382 0.33218497
0.15626197 6.74549414 1.06823676
0.61250476 5.71518117 1.52804189
0.04465658 6.74434667 -0.12361776
0.24369157 6.53847479 0.65937093
0.60165703 7.58639966 0.51594929
0.41565425 7.46145982 -0.25009445
0.17597639 6.29026004 1.51671101
0.9003231 6.85304067 -0.16833622
0.16242548 7.04826711 0.64504854
0.75018269 6.23588904 2.16442947
0.18487494 5.54684485 1.58283007
0.51970995 6.431284 1.22003369
0.05898464 4.84851164 0.6334973
0.18492948 6.56169502 2.07121842
0.3952277 6.13597564 -0.05775027
0.26753099 7.7229759 0.87228895
0.8433329 6.46897721 1.7764178
0.51203583 7.45807012 0.47186691
0.90379874 6.41587671 1.98208379
0.45306892 7.23339868 -0.0110227
0.3745272 5.83433495 1.26791115
0.47590211 5.21145164 2.02889043
0.46976938 7.08090637 0.94908315
0.57321646 6.89442397 0.90701986
0.98306573 4.66938872 0.48020631
0.22360853 5.36690087 1.53652441
0.38293624 6.7302796 -0.39309356
0.84752479 6.75176815 1.01460946
0.11850555 6.96271896 0.74239204
0.06838227 6.61567284 1.08653661
0.62498083 4.41178772 1.19425664
0.79049737 5.60488157 1.36383503
0.68654602 6.28741616 0.16958759
0.31470579 4.38826952 1.98536941
0.19888098 6.91331359 1.04455206
0.31240085 4.5555464 0.91411527
0.7629007 6.94058238 1.32232937
0.89869246 4.84754715 0.65284651
0.45670047 6.63510351 -0.2137892
0.80931018 5.32898541 0.80654054
0.89800754 5.35472235 1.42468951
0.05468657 5.69629146 2.86803236
0.99390731 6.58336915 1.30782186
0.9665911 5.50945641 0.61324517
0.21038367 4.87929453 2.37798163
0.80993935 6.13789174 1.7144097
0.46579596 7.0489202 1.47013546
0.21906389 5.65988046 0.65504011
0.99542728 5.13069877 0.73990652
0.55704969 5.90148766 1.84866011
0.94644579 6.80955499 1.22795088
0.86174201 6.52356398 1.30971651
0.62195745 6.08809003 0.78493153
0.94537694 5.50495789 0.28608847
0.91491894 6.10905508 2.2856035
0.72080389 7.87303073 0.95374522
0.9194178 5.83000182 0.03577358
0.37282893 4.87363168 1.31942642
0.50899015 4.87085251 -0.52844282
0.59083921 5.86542771 1.56724093
0.5552059 6.66946105 1.57835177
0.47979541 6.70934316 1.06523205
0.73064627 6.57807801 1.26926709
0.93768729 4.70529627 0.4952167
0.52473763 4.76809136 1.15497674
0.07049517 5.45148665 -0.0408298
0.41751751 5.55312584 0.20678158
0.16725077 5.8206728 1.49748169
0.16867207 5.97598292 0.56535462
0.27985246 6.21133419 1.03905546
0.41995745 5.30657275 1.06596186
0.25085698 5.77690788 0.93352567
0.11060171 7.08712094 1.26541579
0.7118659 4.86706258 0.07370945
0.70686822 4.84006775 0.77381719
0.06839636 6.14301161 0.92104144
0.81353962 7.43267631 1.4431167
0.47398468 5.47946574 2.73709836
0.05881046 4.62681134 1.81597045
0.6459697 4.2180589 1.69435111
0.72224082 5.4513267 2.33337416
0.34874466 5.52142547 2.39840613
0.94499397 6.25532063 2.60966576
0.16172179 6.53496594 2.68906813
0.7807305 3.13454447 2.50618837
1.51709135e-03 5.32837026e+00 3.00506215e+00
0.54686365 4.53604344 2.25683731
0.36849219 5.57989554 3.19782466
0.68774841 4.29489547 2.3774472
0.79508973 2.66685763 4.80176793
1.16696749 2.76831748 3.15648063
0.22502114 3.70757202 3.89568307
0.2766789 3.42351212 3.95737983
0.86656108 4.34465834 4.74743525
0.0732024 3.62976993 2.94810286
0.20241347 2.82864095 4.17473634
0.62100748 4.29324945 5.18460242
0.09046881 4.36587688 3.6398409
0.28148098 3.32789599 3.02989315
1.1616878 4.06737808 4.57575604
0.54029123 4.1479556 5.24072491
0.30964793 3.74034669 4.45414457
0.47133163 2.56138233 3.77012086
0.82100899 3.65610007 4.02896163
0.69512981 4.09862692 3.6842224
1.14391243 3.40704467 4.88537199
0.83781617 3.55734229 5.47865135
0.07637171 5.76346754 3.2535611
0.49351969 3.43602517 5.69197107
0.74689296 4.32375181 4.45480629
0.38830226 4.68450141 3.68607646
0.25561751 5.08541792 3.52211312
1.26525014 4.52086472 3.56620111
0.22880279 3.55266384 4.54014611
0.31064365 4.74222472 4.06650778
0.1499371 3.8436014 3.42982683
0.16047419 3.88954787 3.8573594
0.02944324 5.0265199 4.90343268
0.20566748 3.79557417 3.54203954
0.20746753 4.19954899 5.10591331
0.00757535 4.50945861 3.86261687
0.8753117 3.64188227 3.66336153
0.03966872 3.4925769 4.34438759
0.35705736 3.03344948 4.4793614
1.31767117 4.67830211 3.22266679
3.12692806e-03 3.38759125e+00 5.10872361e+00
0.27513723 4.28671552 3.44885372
0.03911842 4.91454691 4.50927683
0.41230512 3.31481015 4.68979719
0.78620839 4.48218447 4.61435504
0.41644682 5.35554343 4.16313157
0.26979604 2.94207084 3.36711984
0.1491136 4.35909079 3.87890222
1.15817865 3.3168656 3.16905224
0.40957518 4.29433176 3.23956853
0.20450493 4.81025852 3.44366707
0.29936089 5.46567222 3.98728547
1.51055556 2.97315899 5.48829763
0.50758243 3.65879341 3.68043028
0.57066208 2.5636309 2.67128061
0.35263509 3.42741145 3.18439546
0.24432022 4.94893838 4.58458029
0.05762769 5.42075168 4.21059866
0.47314146 4.54677192 3.17596093
0.39038157 4.6693326 4.12213363
1.5268424 3.14984474 4.43080972
0.84204061 3.77981406 3.87645354
0.55136781 3.97606572 3.68840643
0.36434995 4.93496192 3.46026147
0.49686639 3.12942062 4.20423783
0.92688668 3.6768693 3.07673273
0.78393334 3.52365729 2.90412877
2.05435361 3.04274749 4.41005842
0.6484933 3.43288101 2.46654121
0.49387388 3.83946554 4.20382255
0.54327776 4.17225166 4.504346
0.89983082 5.23882363 4.88184232
0.16440513 3.85159841 4.62089748
0.23706852 4.28013027 3.21677884
0.57203027 5.51763077 3.97679557
0.83927517 4.96857769 3.35560048
0.5039202 5.09281609 3.83588052
0.63732548 4.20005526 2.35954069
1.19604071 4.53956216 4.01429708
0.58361209 5.00431767 5.28674023
0.45628698 3.93116927 3.90467137
0.56886351 3.14353739 4.38128582
0.51856087 5.12709621 3.90044236
1.30677988 3.90100215 4.0591379
0.66618711 3.94027701 4.10850347
1.15300696 3.56591146 3.38072075
0.42220034 2.27729294 3.09784651
0.89811735 2.70507741 3.93169254
0.86086475 4.15651486 4.12637264
0.93016025 4.74523397 4.88210578
0.55002109 5.33106447 3.51659852
0.4934674 3.30342477 3.57928062
1.01034261 3.51719758 4.25544164
0.6596078 4.18975377 2.21969706
0.86202422 3.38377427 4.8323362
0.37617003 4.1519727 3.0626515
0.75583444 4.36492641 4.06196526
1.08741564 4.80917564 4.05839924
1.25067129 2.85450087 5.23281431
0.79270623 4.96796072 3.5042484
0.05952837 3.45987623 3.09433676
0.58184728 5.57988933 3.4489878
0.13867697 3.63797691 3.00927233
0.60087784 4.00408618 2.98845911
0.2289841 3.59632883 4.19338133
0.27390374 3.01396469 2.93965821
1.32537083 4.1414128 3.37666826
1.26297176 3.20711772 4.56414757
0.68261078 3.90164168 2.44784904
0.56682801 4.42200383 4.01352664
0.48327082 4.41145459 4.39943675
1.0170238 4.2127294 5.76759174
1.16104246 2.88096787 4.05281458
0.94720718 4.49680105 3.29221574
0.31888652 3.83957627 4.81888915
1.24320153 3.66197655 5.36975852
0.7152002 3.77440846 4.46583693
0.48746775 3.17865911 3.50967179
0.46382695 3.06852019 5.09381017
0.075676 3.51452883 5.12682386
0.42046251 4.29028738 5.272958
0.24102136 3.87250418 4.42088578
0.44441386 3.01736049 3.73582462
0.79432608 3.932825 4.61062361
0.16796611 2.59109956 6.0758439
0.62189077 4.17222323 5.27840743
0.32388445 4.66810523 4.3790088
0.74056851 3.53016185 3.98868484
0.50396233 4.6896681 3.91502384
0.31179485 3.53510311 3.98218069
0.42440678 3.86261255 4.65377475
0.35860723 3.09378253 3.17069975
1.27792093 3.27692783 3.76642835
1.74593612 2.83639234 4.8711788
0.15208341 3.77111482 5.23424951
0.43911622 3.37226792 4.72503066
0.23914549 3.35510475 3.91170157
0.56344658 2.61215951 4.14463946
0.26450517 4.0332334 3.55742142
0.73959343 3.37808773 4.0655796
0.15289002 4.95010832 3.80669197
0.64214077 4.63292347 4.80619023
0.72579064 2.95290784 4.86871777
0.23379664 3.66119228 4.46700842
0.18622321 4.8239065 4.10473412
0.33477616 4.19240469 4.55156764
0.23999851 2.61985173 4.18574696
0.00978967 3.76828517 4.48892477
0.04282797 3.73764274 4.20368044
0.07436053 3.85590607 4.99369784
1.14894679 3.58364053 3.95898562
0.79757084 5.20414487 3.95049078
0.55449451 2.51508414 4.02280383
0.6491049 3.1921762 4.83946041
0.38968126 3.53529311 4.47076161
0.14271386 3.21568368 4.41921085
0.21251145 4.75087806 3.65395292
0.09872603 4.31858991 4.17482706
0.08077138 3.51995981 5.90184649
1.93078099 4.38915921 5.45321072
0.03415543 3.50560359 4.19669852
0.57080328 3.87985792 4.15037184
0.92057767 3.82118444 4.54235419
0.03559501 3.3005328 2.88202988
0.5524447 3.73457132 3.70065251
0.85820276 3.5149175 2.97913741
0.9011944 4.76708957 3.06258559
0.31382956 5.59895576 3.67130955
0.94725359 2.82393258 4.55853826
4.09062638e-04 5.50130530e+00 3.73113781e+00
0.06064797 3.30223881 4.69623961
0.19236898 4.31836611 3.52972938
0.6566103 4.77588846 4.49944064
0.57215557 3.51375232 3.93816556
0.73318261 3.76687229 2.58231649
0.45880364 4.9571278 4.17171934
0.55286059 4.31092042 3.31584124
0.6311295 4.30106047 5.12654206
0.37994624 2.97485238 4.91558781
0.36974456 4.81233684 4.848876
0.81177662 4.37734549 4.07135998
8.24538761e-04 4.78219643e+00 3.94652361e+00
0.96234673 3.51907752 6.22556009
0.02964243 3.85921236 3.88592669
0.62901711 4.13529218 3.73532379
0.08614774 4.07171295 4.42403746
0.71825391 3.53325054 4.31072527
0.3626506 2.78751254 4.15562928
0.61769774 4.23851426 2.70364714
0.47086989 5.17310695 5.28208012
1.27357659 3.61960322 3.37248319
0.01434889 5.39378107 4.64794506
0.84736456 2.77150064 3.70421419
0.24940763 4.21676439 3.99775625
0.64691117 4.32625733 4.13604183
0.29736458 3.98242512 2.99657415
0.06551298 3.31938007 6.22878169
0.66941691 3.47763103 4.57580207
0.44418236 3.30064292 4.090734
0.53723759 3.98034974 3.44394999
0.6097713 4.47389132 3.52050624
0.89111328 4.13472887 3.06995602
0.89956158 3.64636356 3.60308842
0.57527915 4.40995765 3.62613186
0.60028347 3.8822041 2.92497978
0.57432227 3.23571196 5.43998428
0.06765082 4.47082106 4.06307598
1.43042473 2.86304416 3.67452258
0.88122478 3.24667884 3.52221892
0.42126325 4.51008723 4.00112803
1.32581042 4.63478987 4.6125584
0.91098698 2.97886052 3.77775354
0.21130489 4.19595135 3.87905017
0.0171035 4.33327197 4.58217327
1.21349804 4.34241571 3.2058171
0.98063607 3.70070309 3.74267216
0.57714506 2.80251376 4.09170593
0.63779004 3.95613902 2.35731481
1.64104623 4.98405797 5.32745215
0.56071273 5.14708524 3.91304245
1.24037566 5.18224434 5.02512079
0.03183506 2.90733311 3.98275098
0.37530552 3.95767463 4.39183381
0.04480206 4.15186833 2.97665667
0.25082985 3.90997331 4.13954568
0.50335667 4.08127392 4.04494919
0.90789288 5.0932922 5.13097714
1.61041278 3.61416036 3.9215846
0.23671728 3.93441056 4.66251391
0.37144492 5.2213157 4.1517923
1.48758473 4.18233743 3.76815836
0.63333984 4.26470412 3.46530171
1.24353737 2.54622906 4.77210502
1.29640988 5.0713922 3.8458533
0.03001287 3.48953221 3.05155587
0.02860638 4.98068415 2.54894974
0.29268965 4.57653528 3.76519258
0.82530468 5.20066779 3.69491627
0.21788254 2.49480878 3.6232423
0.49093472 4.88779663 4.71260696
0.80322766 3.13199462 3.89210983
0.26817477 3.60303608 3.65125038
0.45362336 4.62627031 2.85958051
0.39623955 3.21338971 4.34996632
1.02045478e-03 3.28060472e+00 4.15308952e+00
0.50151864 4.60206609 5.29177412
0.58513334 3.34066718 5.12846771
0.79362242 4.8127387 4.25068426
0.52675739 2.82300136 3.07468601
0.39316883 2.58307585 5.27678399
0.1160855 4.33880647 3.68888724
0.94591695 2.84070348 4.80905849
0.62908957 4.18989809 4.07763941
1.52530918 4.63126171 4.27928775
1.20546877 4.41414519 4.01396661
0.55376087 3.68617761 4.33285145
0.34758814 4.30490089 3.95303233
0.99789052 4.14496877 2.76378242
0.77737774 3.30360928 4.01791134
0.39106346 3.63675169 3.88542927
0.31578857 4.11634809 3.276242
0.1758287 2.63256951 2.98161021
1.53921706 4.5650899 3.51612225
1.98014793 4.55857129 3.01794524
0.10335743 3.05364293 5.11511841
0.22903174 4.40194176 3.65971915
1.17957664 2.85940543 4.10860695
1.36478367 4.29405329 3.86024723
1.18787207 3.92845367 4.4121621
0.22981595 3.97340652 5.14742344
0.93232466 3.93259711 3.12754801
0.05359531 2.69865056 3.42662454
0.87620408 4.69874411 4.55412326
0.00574719 4.19384522 3.72727068
0.22246119 4.44697874 4.52059085
0.56726046 3.06575981 4.20090975
0.48295485 3.97817058 4.50321934
0.03306839 5.58894171 3.14255414
0.18061336 2.68955088 3.86400894
0.51397567 3.20758079 3.63240058
0.1190049 3.86596074 4.12957444
0.13208008 4.96428765 2.99029413
0.28552524 3.65918055 5.41444026
0.69779443 5.62458188 4.08157246
0.80753965 4.42800713 3.87696104
6.28411990e-04 4.23285325e+00 3.43669061e+00
0.32038022 4.71820377 5.6446593
0.12707657 4.38285484 2.75027376
0.87991202 3.27326686 4.32863557
1.1120707 4.40391107 4.0828422
0.94665377 2.66373555 3.31166761
0.95338899 3.81954993 3.71317209
0.05676588 3.5019237 3.68154741
0.10284588 3.23704961 3.82016626
0.31708623 4.60545639 3.85806822
0.80768838 4.89107736 4.1692367
0.63201288 3.16197738 5.13196194
0.25610082 3.36161506 4.05342855
0.2221287 3.70642249 5.00231625
0.71097562 4.32674724 3.52803893
0.53197969 4.81063611 3.83997454
0.93075118 4.0866339 3.91541647
0.67846903 3.04472219 4.22503801
1.80506406 4.2804722 4.42698276
0.55768434 3.55568644 4.61137143
0.59184416 5.08349033 3.98026855
1.07656746 3.96082519 1.99004098
0.06729329 4.32191787 3.41769691
0.02434411 4.87145507 4.20485641
0.00918111 3.90684148 4.57718995
0.39931712 3.67826725 5.56912557
0.2200614 4.99990687 5.00668773
0.307881 4.5889846 4.40616783
0.51252837 3.92220425 4.21559585
1.65894578e-03 3.46980384e+00 5.09153788e+00
0.42301465 4.54838185 3.33514542
0.62644821 4.94048334 3.0073349
0.20407359 4.10188058 5.02293017
0.01191611 3.16338622 3.22775624
0.33477252 4.36457087 4.38174293
0.42626938 2.26980864 3.25333747
0.55193069 3.26892865 3.25875532
0.24699265 3.92467727 4.49742953
0.20942635 3.80185597 2.92984246
0.45226829 4.30062986 3.05036456
0.43319156 3.99531389 3.97386913
0.39572231 3.90600528 3.86394775
0.67126258 4.20075348 4.33068849
0.65462234 3.51296871 3.29391587
1.12771436 2.56293522 3.4032796
0.04925921 4.33262072 4.29321777
0.20408657 4.00097419 5.23626935
0.25976469 3.99051734 3.81156104
0.36456187 3.62812882 3.72067453
0.53191059 3.48404656 2.53547948
0.30141339 5.10164611 3.94801275
0.07618143 4.68386732 3.65479926
0.23212458 4.58473712 4.14351546
2.27933636 4.73355072 5.28654241
0.68857813 4.52240189 3.28240443
0.40571601 3.18387274 3.67341538
0.72043602 4.90639125 4.54105074
0.34164437 2.95602641 3.45606477
0.27683338 4.355725 4.46895586
0.71939987 5.35909014 3.31459366
1.55385442 4.55083632 3.42386168
0.20965907 3.9946134 3.54895158
0.27331038 4.77098476 3.17018825
0.56335225 4.40811224 3.30862303
0.17736799 3.69743011 4.41609392
0.24743081 4.73215531 3.57959611
1.28741089 4.0743927 5.82443266
0.77754645 4.37813225 2.87677681
0.95977039 4.06894094 3.15586949
0.14726482 4.29287986 6.13754976
0.96095146 4.87969809 3.4412141
0.33645612 4.74927058 4.29674909
0.70830234 3.67846904 4.46689251
0.12671187 4.1755115 4.64571167
0.59683465 3.62411727 4.45377623
0.16156492 4.33574736 3.17851749
0.05684314 3.59574897 3.11575206
1.51567045 3.27091188 3.6799763
0.89876902 5.12092078 4.68247126
0.42069196 4.76450075 4.19860403
0.61757041 4.59557413 3.52060904
0.10402491 3.7075865 3.07315012
0.53810418 5.01418113 3.58471431
0.53056933 5.05736766 5.47108262
0.44486701 2.80786989 4.63504138
0.55888276 3.51100023 3.83248167
0.58542442 3.60209121 2.66194846
0.14060063 3.5451985 3.48339148
0.64597819 4.01045895 4.71073639
0.19711817 4.5906791 4.8069902
0.83882563 3.54410804 3.88361549
0.9716058 4.32315515 4.11384409
0.87885406 3.86806134 4.30602862
1.53411463 4.13371898 4.07757553
0.90708005 3.281569 3.90217647
0.22686985 4.5937344 4.26250001
0.39507347 5.09673412 4.50200482
0.669177 5.94679984 3.1243988
0.86326746 5.69773078 3.69321183
0.07222234 4.87421356 4.63345183
