0.33286754 6.89003547 4.46070487
0.1707542 6.50563897 3.80929163
0.14209175 7.79989446 4.60893717
0.54998409 7.97892382 4.74088805
0.23270525 7.58914897 4.06329848
0.54345011 7.28058587 3.78898576
0.86455268 7.65626454 3.94987415
0.01663335 8.07909668 5.17135307
0.97796968 7.04485902 3.37566216
0.15024106 7.93755234 4.77979274
0.38976781 8.48266382 4.59284198
0.82395417 7.70790852 3.98543231
0.29327306 8.91593743 5.43261518
0.5721234 6.64871749 4.09282605
0.79626283 8.37549117 4.54250695
0.32708888 7.38344572 3.79021797
0.30329351 5.6698283 4.23775049
0.01655211 6.56111494 4.6289
0.30914684 5.56344597 4.76553732
0.6459103 6.11256514 4.7311458
0.04817776 5.94873828 3.31257431
0.67423191 4.88340579 6.41620127
0.78666971 5.85998816 4.41486119
0.81005944 4.97478077 6.11872977
0.01981436 5.47696295 5.45572477
0.73292641 6.06552837 3.99056507
0.90546826 6.3985539 4.39829503
0.6825785 5.87521871 4.00399722
0.65878397 5.61131625 5.59157258
0.19710033 5.58929125 4.52049097
0.2803837 4.86732062 6.31463078
0.01756147 5.59632012 4.69488562
0.09741583 5.96073962 3.61949844
0.46692642 6.3965294 3.79275539
0.86259947 6.42852407 6.64618359
0.7056774 6.23342614 4.67071523
0.59308435 7.25720321 4.64095729
0.49153869 7.82695018 4.96107306
0.73375571 7.48279176 5.31848881
0.70363091 5.09169825 5.97125982
0.93046781 6.32146094 3.13573394
0.52649909 6.54537742 5.60017658
0.73818289 7.68415351 5.24082523
0.70083531 6.73785302 4.29387882
0.28624187 7.18926565 6.62620256
0.20803616 7.94080992 4.68681946
0.21892801 8.02875521 4.40170071
0.39949364 7.23573708 6.5565881
0.92159342 6.60658614 6.19369534
0.24890607 7.02136192 4.96692208
0.76408322 6.761118 5.41196455
0.88676704 6.1918276 4.12142922
0.77906542 7.08885294 5.20996525
0.93517304 6.60309961 5.62635473
0.36513788 7.34614639 5.73810563
0.16591977 7.12936262 5.41399406
0.01957105 7.12701124 5.06955471
0.61500191 5.79949067 5.36865467
0.68290491 7.55410673 4.91763393
0.79257472 6.92874955 5.07097928
0.1040867 6.59848314 5.30057656
0.38472871 8.0191381 5.97467113
0.99219226 6.97833756 4.41421362
0.58705409 6.38462788 4.82998622
0.44806025 5.91945401 5.12827972
0.81022019 7.33197385 3.79060412
0.36962393 7.16989903 4.59630418
0.10442653 6.73625492 4.28654694
0.08986099 6.54035562 6.34418867
0.3259904 6.49813728 5.58036066
0.77552198 7.77620026 4.52819862
0.42295134 6.06187926 4.41407164
0.03137643 7.50309505 5.40791438
0.17817197 7.92750225 5.66716706
0.90747628 7.72444246 5.81445097
0.59989362 5.88085949 3.87985978
0.60866063 5.82076738 4.39876572
0.61516977 7.71363998 4.68591557
0.71342728 7.43387983 5.66887831
0.89358915 7.21108763 5.12231865
0.99922485 7.20573649 4.74919861
0.3427475 6.97913109 5.99594813
0.61251617 7.67599702 5.60147722
0.15461549 6.95643318 4.8316499
0.67197998 6.88642683 4.45594322
0.4824018 8.1925643 4.51550957
0.63579622 6.79445691 4.2846017
0.04182645 6.47291084 4.35351295
0.62529761 7.84870415 5.44029456
0.41610809 7.81141587 4.17558064
0.89058842 6.17549583 3.32960122
0.03869643 6.64561447 3.74119834
0.82038396 6.50473347 6.04281155
0.70186743 6.08689319 3.42612558
0.63964758 6.75170372 5.47099259
0.72342193 7.02288435 5.56898018
0.53148417 6.61936543 5.46704303
0.78278993 6.19202779 5.61548421
0.55104318 6.09681404 3.95799
0.72989006 7.3635655 4.48334014
0.190371 6.32408911 3.5683664
0.23895573 7.91289654 5.41451811
0.88676886 7.29976505 5.39031513
0.10262092 7.75047218 4.46749679
0.5040172 7.15744634 4.61007245
0.10474781 7.52346349 4.42367633
0.2472662 7.56636944 5.2179546
0.33450425 6.23050316 3.39691464
0.17867363 6.87773315 6.04150529
0.09826911 8.25428074 5.65325694
0.06244291 5.72550951 5.9270014
0.62083694 6.66018237 4.92536773
0.8698723 5.76032435 5.67509951
0.54460276 6.77992004 4.25260802
0.06268377 8.20303452 7.06245695
0.97592287 6.4305127 4.71878256
0.75013218 7.08237765 5.79897694
0.21336174 5.63531304 5.25755383
0.64554543 6.91677596 6.60778228
0.32415988 6.03076959 4.08390782
0.0137337 7.07848002 5.58200605
0.35465997 6.36259153 4.88741102
0.1204136 5.93709513 5.55283381
0.82477617 5.85599966 4.70968034
0.65141692 7.72529206 5.62168266
0.32122709 5.90866072 5.78366816
0.46598703 7.04245317 5.14939255
0.92468342 6.22357213 4.82677634
0.82641338 7.59381966 4.53526281
0.01084885 7.41777764 4.95563197
0.0320075 6.96210948 5.66280219
0.36636624 6.72473703 5.01698122
0.97778542 6.65553274 6.14469653
0.36390815 6.28579394 5.54966463
0.40466808 7.91772186 4.59184495
0.5512307 8.09443761 4.77551406
0.71830312 7.23982086 5.80755228
0.66434313 7.02068174 6.10489934
0.0979604 6.77882655 4.70045457
0.74077252 6.06143927 6.94358999
0.43827222 6.78418802 5.6783635
0.43855239 7.5363018 6.14463749
0.02866698 7.14574781 5.40704662
0.8994504 7.48616565 4.94977146
0.13900405 5.81520373 5.4584476
0.56145143 6.66854667 4.50360858
0.77187507 7.39129709 6.72319408
0.55107291 6.74333248 3.4623462
0.13300949 7.59624478 4.50866809
0.25318081 6.94715922 4.90079142
0.72642527 5.60183603 4.79956664
0.54244414 8.51787173 6.05078078
0.4562226 5.733201 5.03636646
0.0546313 7.36944957 4.23086675
0.99006162 5.81920514 4.83359521
0.92657024 7.9788025 6.81279572
0.28199922 6.75875567 4.05048315
0.51092529 7.03887586 4.78661319
3.98658256e-03 5.49265177e+00 4.84447142e+00
0.96124246 5.58760005 6.29878221
0.29991461 7.95500488 5.19715908
0.95263719 6.58176482 5.74676978
0.69458962 6.78054903 5.11685769
0.54740724 6.70865245 4.83071114
0.91609239 6.62885398 5.46245281
0.46851316 8.40762605 5.04977366
0.74633396 7.92574798 5.06590319
0.38820217 6.35535302 6.1609227
0.61574609 6.24416531 5.03125505
0.03568329 6.92185952 5.14831238
0.92137217 6.50607489 4.69691485
0.10914786 7.47818344 4.21930958
0.77431877 6.09618606 6.22552518
0.76507953 7.53579903 6.1547468
0.21796937 6.21873262 4.67608485
0.69457342 7.04297436 5.41943687
0.31951959 7.21843379 5.16508692
0.83790359 6.24518165 5.28950787
0.95570073 7.36991182 5.22644357
0.6463374 6.58341426 4.92159014
0.58589491 7.22245609 5.46669217
0.22759756 7.21763049 5.11010057
0.38943658 6.71352184 6.35333498
0.17596637 7.68282557 5.2299806
0.89377736 6.10382322 4.01658942
0.40785214 8.21683463 4.81734377
0.13620579 7.36316273 4.79475639
0.15174675 6.86578901 5.43888242
0.73680632 7.78372067 4.51711931
0.16940461 7.64271412 3.8915804
0.31566203 7.39296102 5.45492362
0.52985827 6.30501097 5.3173488
0.13529562 7.77638489 4.28876125
0.56732116 6.33135215 5.52167993
0.26128776 7.51863913 4.13896338
0.09024308 6.43131302 5.31874971
0.27635009 6.67230356 6.71480512
0.26631015 8.02154849 5.13829311
0.02962653 7.90748024 6.08608099
0.75433403 6.01165551 5.11506243
0.81321867 6.54234544 6.0614902
0.37171729 7.16691308 5.00110185
0.96903396 7.41303895 6.27946291
0.24342528 6.17193015 5.01915641
0.24715962 7.54040486 4.34369138
0.27329293 6.26035928 5.42287775
0.71301381 7.80207775 5.55912476
0.33629057 6.19266429 4.96150028
0.03209742 8.01303475 5.95202279
0.67830665 5.94328319 4.71499636
0.9734616 6.77600782 5.91751067
0.83838101 7.2977113 5.88943337
0.49878931 7.09799702 3.30735868
0.68284109 6.95596787 4.53700129
0.87877072 7.70426976 5.15045751
0.37972045 7.31698934 4.79202744
0.04371905 7.89008408 5.04751747
0.47070145 7.7640324 4.67548496
0.88065023 7.54362594 5.69066047
0.39156757 6.46682991 5.33377696
0.74399505 6.89389246 5.06867288
0.57019831 6.92198105 5.9813255
0.38943537 7.74424671 5.52981127
0.02281839 7.08244455 3.99123932
0.9436657 7.21069497 5.44729016
0.3197904 7.53769293 7.44173894
0.40198047 6.61385323 4.98277835
0.83681102 7.70628502 5.60516245
0.41197745 6.92030459 5.09031534
0.90292242 7.32390731 6.02984116
0.69383687 7.08752761 5.01227902
0.27184137 5.66231038 5.5333815
0.99455724 7.8083551 4.38775386
0.49022246 6.33435206 4.35356845
0.37604766 7.34758425 5.23961723
1.06681012e-03 6.51470868e+00 4.50381221e+00
0.51306133 7.1652871 4.80588901
0.61145489 7.17431977 3.40756196
0.47096783 5.23236582 5.79637845
0.32876981 7.04116496 6.44208169
0.46370543 6.56652564 4.76905289
0.04021789 6.19813432 4.72416363
0.65974555 6.34819456 5.77882899
0.56810087 8.02769834 4.88065843
0.21092198 5.8283665 5.17178334
0.54036638 8.52760947 5.98450739
0.0295295 7.59035396 4.04794112
0.96804523 7.32637991 6.50416308
0.88945766 6.8491398 3.29236259
0.73988225 7.45865922 5.44313446
0.66096875 7.92282237 5.28890161
0.97493829 7.49899661 5.31312258
0.75825421 5.49993527 4.93999598
0.28474909 7.37634455 5.24498546
0.65282886 7.0174708 5.00799664
0.58863937 6.95452331 5.51041054
0.22413984 6.68149855 4.50922929
0.24332049 7.07676545 5.19770543
0.40444637 6.204241 4.15182147
0.4304725 7.45064996 4.32147947
0.63974309 7.60052675 3.9992928
0.12726762 8.67043277 6.37918458
0.29744812 8.05012311 4.73335988
0.07976268 7.12997112 5.70875748
0.57990549 7.79908827 4.23807118
0.0894679 6.1791272 5.46104735
0.04452208 6.99696951 3.98684661
0.45331591 7.59077067 4.29000089
0.97082073 8.24256357 6.51489159
0.94362992 7.11086309 5.81749182
0.01080828 7.44460289 6.04214849
0.42396538 6.06788864 5.31306554
0.77130754 6.41365103 5.63154524
0.06110768 5.7844724 4.87248889
0.66468796 5.21821121 6.05541943
0.9663733 8.00887263 6.14691113
0.46632807 7.6358291 4.79846565
0.93737969 8.35942362 5.22847526
0.8100188 6.54315845 5.52691731
0.82940077 7.23240048 4.84508004
0.92062305 8.13193068 4.47433901
0.11848652 7.16292673 3.92663457
0.30218826 6.34492302 5.7865345
0.53189814 7.07802952 4.11584215
0.01008306 8.51570857 5.52707135
0.28938051 7.19857095 5.56509459
0.36755971 6.64141264 5.41343728
0.90487623 8.68549771 4.97932598
0.76811451 7.72770427 5.69020459
0.09813343 6.38414958 5.37406344
0.05903071 6.09385656 4.89131664
0.37292081 5.59440151 4.85940185
0.01005754 7.56398878 4.8609592
0.77215726 6.96617736 4.62014854
0.16727217 7.89227238 6.93526342
0.1517743 6.72531111 4.18394213
0.85157867 7.22953589 5.07691418
0.41860299 7.13895357 6.59805233
0.99288263 6.26029547 4.42332787
0.13898609 7.36491943 6.19639551
0.45155099 7.46835889 5.29148687
0.41078122 6.15047902 5.76292492
0.21074119 7.48131514 4.89358855
0.11890138 6.89582882 4.12157733
0.48672334 7.78312981 5.00120627
0.95758779 6.95237727 5.1089296
0.77306464 8.12688486 6.25440315
0.28846609 5.91359163 5.44830233
0.97261102 6.18597907 4.43038055
0.59305694 6.93348086 5.38207339
0.67400842 6.72990489 3.87952239
0.46853041 7.09164867 3.31592156
0.02850577 5.35691846 5.66991397
0.81449049 6.59990237 5.27847482
0.32121765 5.948751 5.36193779
0.44151661 6.9361564 4.82231032
0.94780131 7.50907526 4.00924241
0.06262484 7.8825591 4.15363438
0.55715102 7.37068683 5.02255836
0.66241178 7.26859101 5.23740734
0.59243688 7.51398306 4.39702082
0.16967761 6.83091139 4.17764465
0.89044194 7.25750449 5.58514548
0.76859812 7.09711208 5.95540525
0.25225523 7.18980277 6.2028953
0.06495252 7.51304102 4.25247621
0.76422453 8.04283281 6.20618433
0.84903612 7.79718762 5.4293091
0.10965159 6.87279652 5.46305814
0.76890613 6.39026106 5.54406153
0.56516041 6.13861663 5.52435153
0.11897129 7.72910599 4.78079346
0.08315053 6.93637219 4.02345475
0.6080512 7.79826338 5.630342
0.33525959 7.24671468 6.23812257
0.63160371 7.56738656 5.28092607
0.1575814 8.36375605 4.51242887
0.17594635 5.68177191 4.23976873
0.48719835 7.3078665 5.23390968
0.6970728 7.24178278 4.75933265
0.76703837 7.3194402 4.76404757
0.25076447 7.22081007 4.72867678
0.09254011 6.37319182 5.60607264
0.11462239 6.82249786 4.79279051
0.5433254 6.30256785 5.67603835
0.52433968 7.6974851 3.88054426
0.17149676 7.49079904 5.79018432
0.86494332 7.11297538 4.85479299
0.53817176 6.04026223 5.11644487
0.54408814 7.63729704 5.02688004
0.0451077 6.84357272 5.27665779
0.22508235 6.0591873 6.16227851
0.57591432 8.07965284 5.48720067
0.413793 7.4153763 5.07527125
0.71137078 6.51781468 5.34777791
0.42524581 8.31005577 6.61824983
0.92861439 8.04350779 4.78051118
0.80194011 5.74265747 6.4023788
0.01076489 5.70096606 4.00226263
0.95553143 7.65709194 4.112502
0.68045673 7.66118433 6.60881022
0.42774758 6.85398233 5.09123573
0.44648465 6.50761675 4.92690575
0.40226442 5.89850581 6.80623941
0.24685345 7.05579464 6.81077696
0.76583611 6.72988104 3.98783178
0.7888302 7.91071132 5.00112499
0.46195938 5.83502081 4.61005901
0.1279426 7.2354988 5.60461199
0.51560042 7.01948131 5.32459589
0.37008938 7.18432509 5.6201357
0.18561189 7.78289797 5.76927185
0.270394 8.58198649 5.49238382
0.54843176 6.32081356 6.17733276
0.18925442 7.53521369 4.41818243
0.33656506 7.2089755 5.55901176
0.21736976 7.08649657 4.85812586
0.03816853 6.69517963 4.00414154
0.30167957 7.72568733 5.45218875
0.48761296 7.06621127 5.49768393
0.43791807 6.16591162 4.99424147
0.45754326 5.98211517 4.67068735
0.26347194 7.14162737 4.83182509
0.86602882 7.04867274 5.16555735
0.29610658 6.00403317 4.37520486
0.95170471 7.35260215 4.33557164
0.00980334 8.01622842 4.54773051
0.82621858 7.34748801 6.41779665
0.26906501 5.71790798 5.37697085
0.00786347 7.03187746 5.21630627
0.46934291 5.55796165 5.02969552
0.24145782 7.52258318 5.84771062
0.76483774 6.00761265 5.56261693
0.62157753 6.39606092 4.28184492
0.9394483 6.60034389 4.66741525
0.98829334 7.37964422 5.06913406
0.39157311 6.4699812 3.04312666
0.73115543 7.24139109 3.82758738
0.55826997 7.01903064 5.50416501
0.65051182 6.87581688 3.83016097
0.10110478 7.55361099 5.41329603
0.5061649 6.54500434 6.30513515
0.32855441 6.62036198 3.78378832
0.11899441 7.58283663 5.22041369
0.57383972 -1.57972605 6.99326138
0.55717891 0.97385935 7.07011432
1.61942163 0.03233737 7.79151664
0.97964829 -0.79121116 5.61429156
0.57674793 0.64318796 6.25603413
0.09154365 -0.41166386 7.29666686
0.85724576 0.11865584 7.37776928
0.48342969 2.05153182 6.04363113
0.42848507 -0.95848521 7.71344116
0.87998931 0.39132927 6.04273001
0.0499826 0.1546732 6.95411036
0.3000589 0.12152715 8.41781129
0.75334026 -0.27425316 7.17209073
0.00863219 -0.58307237 6.51474846
0.23094686 0.48293275 7.81053808
0.38851933 -1.14246046 6.57342855
0.51157355 0.275843 5.85160138
0.73914915 -1.15684384 7.11566554
0.94829569 -0.71725611 8.41248933
0.33582189 -0.96035552 6.17880383
0.14390249 1.05767634 6.66310184
0.78073032 0.42121772 7.50527372
0.42195662 -0.15120739 6.03617144
0.91325226 0.46304865 6.79167011
0.0621844 0.10515036 7.29389148
0.32788403 0.87293808 7.89674144
0.55623151 1.82122243 6.41628246
0.67618151 0.38972695 6.42744709
0.38821111 0.3139711 7.93085247
0.66637197 -0.67949699 6.90265226
0.28088359 1.42910588 7.61974075
0.46041287 1.26611545 6.93907496
0.95376622 1.40209706 6.45045904
0.11204292 -0.93911871 7.52309717
0.19546673 2.30029224 7.33778408
0.99463825 -2.01551976 7.79149993
0.8593839 0.48255958 5.95652917
0.27772531 -0.0555725 7.19188232
0.16867784 0.06471953 7.13560179
0.19640414 -0.79213843 6.01952921
0.17426067 -0.92414293 6.79431281
0.08882439 0.329157 7.84467709
0.84025009 0.15108827 7.26052415
0.3138655 0.30821483 6.08417091
0.59775586 -1.31646948 6.97317465
0.34535129 0.15130163 7.93743058
0.02705697 0.13430734 8.24483305
0.54468973 -0.08578258 7.06352597
0.25285261 -0.07319086 6.43810252
0.90351841 0.60624604 8.45129955
0.90117271 1.21322311 8.01992219
0.83994813 0.03029093 6.969715
0.81772782 0.36665314 7.1211424
0.149073 -1.02097347 7.88236973
0.97766707 -0.5903601 8.02613735
0.30385714 -0.41423848 6.83204598
0.36714319 1.04276697 6.62577182
0.63651638 -0.13380421 7.97639527
0.54228516 0.1730889 7.09144811
0.0146266 0.84524982 6.79993768
0.41949697 0.4640219 5.70533451
0.95493164 0.86635704 7.20267035
0.56645532 0.30740071 5.98529043
0.23623543 -0.54341094 7.22900052
0.34073565 -0.65620228 7.9643584
0.4969974 -0.20775196 6.43980767
0.19907053 -1.13636043 7.3595552
0.94499831 -0.15443396 7.29719009
0.20999154 -0.23517961 7.68581907
0.23043215 -0.07970186 6.52168475
0.0876793 0.57048657 7.31585889
0.24424197 0.42244259 7.70007262
1.33697476 0.73951245 7.17954377
0.4639092 -0.54586741 7.74714861
0.77443806 -1.22048794 6.63642983
0.99284248 0.19056666 7.79481049
0.60527876 -0.36710677 6.84324112
0.10644179 -0.15030124 7.27057456
0.62899141 0.89890305 7.01919427
0.60333478 0.1905881 7.91019107
0.76578206 1.66272193 6.97374853
0.24028276 -0.3251508 7.44296391
8.62472470e-01 -1.40556060e-03 7.62151805e+00
0.20515619 0.62003498 6.57653727
0.57489718 0.4996724 6.5777345
0.16414819 -1.55152563 7.41262109
0.26154049 -0.40248543 5.71471923
0.37448674 -2.07898629 7.37561383
0.445369 -0.82840616 6.57187313
0.23748873 -1.21712461 6.45612037
0.81506033 0.93679077 7.03745711
0.18863781 0.46348128 6.88819998
0.77292704 -0.79098888 6.55774556
0.77283852 0.47091236 6.51115875
0.66307137 1.56207763 9.00866954
0.40022912 1.59300823 7.01573388
0.85167007 -1.64481647 8.32018841
0.07121784 -0.45215027 5.85611442
0.51054473 0.57677275 5.56062792
0.28429406 -0.61073942 6.13695501
0.39162573 1.05470407 8.17120007
0.57831091 0.86018392 7.63620564
0.53508967 0.98227382 6.68650813
0.08816594 -1.22629429 6.64021346
0.80641947 -0.02988322 6.63254266
0.79236217 -1.53351424 7.37921995
0.28290936 0.38995256 6.99631051
0.0202011 -0.79939579 7.0633789
0.95814479 -0.06178959 7.02071676
0.66723242 -0.13196156 7.14946572
0.60256594 -1.56196905 7.69310238
0.22301728 -0.98987457 7.80463203
0.44218374 1.17508298 7.18506827
0.86175352 0.43601587 6.16507429
0.82981424 0.20788766 6.41976144
0.06728552 -0.1005256 7.35370364
0.23687907 -0.16527197 7.09412701
0.62428303 -1.2002012 8.48094552
0.92323305 1.05493081 6.97291556
0.84770894 -0.5948248 6.81533809
0.99276522 0.41950186 7.85131347
0.36564793 -1.30611223 6.81073637
0.56539427 0.26864433 7.79046192
0.48026727 -1.10953408 7.39711962
0.30852642 1.02830228 6.84119511
0.87109941 0.07375079 6.56519465
0.29725136 0.26198747 7.0745636
0.58296725 1.24593799 8.02343132
0.9983107 0.83988292 7.60199954
0.37401311 -0.23926297 8.08292825
0.09126491 -0.63487252 6.51806607
0.77707525 -0.12626707 6.41289819
0.67684338 -0.53361727 7.52777825
0.11439623 -0.54904808 6.51259641
0.38409086 -0.78326942 8.19168898
0.00870541 -0.58240828 5.99653669
0.12098604 -1.61818044 6.80488461
0.48275132 0.63805074 6.97121396
0.43704984 0.40268561 8.19993426
0.5924204 -1.01957575 7.58719175
0.09159149 -0.29369822 6.38383524
0.73918422 0.74802912 7.98181725
0.73865076 1.16835559 6.41688771
0.26943002 0.60004988 7.98578201
0.35199525 -1.31125175 6.47698356
0.51878482 0.0587526 7.61148738
0.84555654 0.05007157 7.22180194
0.05470487 0.6707686 7.00781838
0.07893127 1.83628497 8.16449865
0.32992565 -0.58639647 8.7083053
0.25052817 0.74392157 7.05223258
0.93861613 1.10295295 5.75521807
0.01379692 -0.24171385 7.73630139
0.71082478 -0.62247466 6.80800449
0.68622022 -0.03088161 7.10923599
0.69937684 -0.09928875 6.39583113
0.71617089 0.78480021 8.08629734
0.81066147 1.19926394 8.82356791
0.70150764 0.65617798 8.37864257
0.6048349 0.31599911 5.96379851
0.03844357 0.40919143 6.58836607
0.27820897 -0.51205488 7.06133801
0.22395858 1.91411995 6.90445435
0.65080934 -0.45190187 7.36541855
0.9916506 0.15240862 7.26746633
0.69596015 -0.5822699 7.41842176
0.88625767 0.63080326 7.67115703
0.948971 -0.12732323 6.93396971
0.11529607 0.15386577 8.00924636
0.73716835 0.54791459 6.62364546
0.5859333 -0.67624424 6.25913485
0.8307193 0.11151145 8.55143201
0.09316826 -1.1616238 8.40752892
0.79943972 -0.28977916 6.76293443
0.52249949 -0.42481652 6.11889422
0.40163751 0.48509725 7.58906189
0.9816047 0.43596112 7.01802778
0.36814337 0.41379204 5.31819743
0.97936525 0.1454726 7.64560274
0.43074277 -1.08334322 7.61060078
0.08508214 -0.9477045 6.60405445
0.28860065 0.88970865 7.50689005
0.2939214 -1.17794251 7.56318885
0.28027409 0.14372949 6.5523633
0.67092502 -0.59421838 7.54209981
0.7603867 0.26504201 8.31496978
0.41764576 1.56418605 6.71984655
0.12413766 1.25980724 7.8374277
0.41343081 -0.1869755 6.66098879
0.41678989 0.10060059 6.33902792
0.83800831 -0.34752394 6.69268733
0.76013981 -0.20806018 7.45933684
0.88810657 1.35571581 7.26549819
0.2233829 -0.67312449 7.72995582
0.60109986 0.60868094 7.2461287
0.68110435 1.05032841 7.27771203
0.25400847 0.90850278 7.76231903
0.73984508 0.68141359 7.03906097
0.87491232 0.02466995 7.12424957
0.62446624 0.58603904 6.60422036
0.96786432 -0.49417683 7.69080886
0.34456988 -0.14261612 7.08280614
0.97227036 0.66098082 7.29044756
0.28555389 0.52224464 5.21804359
0.26272045 -0.79961242 7.59260983
0.16515909 -0.30006939 6.8263263
0.70608221 -0.12395423 8.25640626
0.08431251 0.86251426 7.62728693
0.98245634 -0.28633114 5.77437487
0.95049353 -0.50908871 6.68235888
0.82364564 -1.5007331 7.17670463
0.38947179 0.5795599 7.15087618
0.04105807 0.36270498 5.97282872
0.77892705 -1.93075516 5.50466984
0.97344824 1.4314963 7.25054025
0.6353784 0.79996864 5.8423947
0.60361378 -0.47465634 6.46984533
0.97470743 -0.98997957 8.09337038
0.71581499 0.26528043 7.0668285
0.45996487 -1.12755554 7.65742755
0.1224359 -1.31791082 6.69529179
1.69208331e-03 -3.54330520e-01 7.91651851e+00
0.2055728 -0.26462447 8.22214214
0.63468324 0.57143479 6.46646519
0.11084486 0.01176053 5.77024323
4.41131402e-03 -8.69367037e-02 6.20594549e+00
0.6696909 0.32362816 7.67171383
0.12069764 0.54585058 5.52113289
0.02115065 1.5100344 8.62059618
0.31856519 -1.14031867 6.67336989
0.40200666 -0.1726826 5.73817049
0.53137857 -0.09173449 5.3736431
0.38096384 0.0219642 7.09847363
0.10262149 -0.17874523 6.90491154
0.47577916 0.4936476 6.71032639
0.4912238 -1.04447285 7.61716282
0.76138926 0.51421617 4.99956742
0.69028868 -0.98282633 6.54926898
0.37094978 1.69846037 7.55158483
0.92899885 -0.21021518 6.37768054
0.31267372 -0.6220424 8.38942472
0.71452667 0.96942772 6.99356838
0.73181873 -0.16803033 6.53368454
0.06553668 0.5188151 6.23802011
0.22757391 -0.76433808 7.53593405
0.68865932 -1.43538686 6.3255699
0.91346605 -1.55416739 7.19336563
0.28997713 1.68406943 7.36896676
0.494565 -0.23863789 7.54783859
0.84907526 -0.47288752 8.73262256
0.96669149 -1.91284686 6.13837024
0.64404464 2.2383197 7.07164399
0.95009977 -0.23457471 6.5087877
0.31473685 0.39824402 6.04233248
0.1475667 1.16526027 7.18621195
0.77479925 0.1432975 7.59911382
0.36818251 1.7154649 7.02538663
9.69231590e-03 2.69364703e-03 6.01516557e+00
0.22730893 0.16950477 6.06948046
0.75085211 -0.05332278 8.73366948
0.65938787 -0.07526983 7.34046058
0.14070456 -0.92856908 5.16232112
0.08289882 -0.90350891 7.17892671
0.11105274 0.14956403 7.02308492
0.66683797 0.01918951 7.11857289
0.70180758 -0.12786556 6.97810126
0.46375968 -0.63417346 6.19841866
0.02922035 -0.80364728 7.53568783
0.41718274 -0.09327126 7.2982217
0.21794052 1.53605337 7.96497604
0.27740816 0.12810087 6.77114865
0.70176553 1.0233657 5.96514012
0.55745495 -0.61753542 7.53621664
0.57607921 1.57041212 7.2966797
0.5680813 -1.28233175 6.26412105
0.83757487 0.41281549 7.09618829
0.40232735 -0.33818347 6.6672359
0.12648655 0.1452683 6.50589314
0.10694181 -2.57086154 6.84512863
0.47619144 -0.89379526 7.17650744
0.90909879 -0.46858747 7.48755491
0.19409911 -1.0882271 7.27607965
0.44222266 -0.77836032 8.20110626
0.65952691 0.94351852 6.38510338
0.13173314 0.39378877 6.23722162
0.73081574 -0.03513967 6.91869388
0.75264906 0.25887253 5.67551909
0.98047352 -0.25012827 6.4125522
0.86055745 -0.52135815 7.42546947
0.86214057 -0.17732716 5.89590401
1.82228249e-05 -2.43962076e-01 8.09639916e+00
0.09190473 -0.32747227 8.2622413
0.03101855 0.29022049 7.63472602
0.3808817 0.70988108 7.78703039
0.26131406 0.37168931 7.97520062
0.13211872 0.74320341 7.78023837
0.04962752 -0.55740927 7.8065932
0.09958906 0.84198616 6.97272642
0.37480314 0.1905715 7.51603026
0.71281406 1.45019756 7.85931866
0.79680849 -0.42927524 6.69733556
0.44760261 0.05926638 7.36356655
0.74140903 0.40221595 6.12301021
0.76911491 0.3154465 8.4615097
0.87114145 0.82144579 7.01906752
0.01437976 0.02782738 7.66215894
0.88790388 0.17641379 6.77236825
0.73554267 0.37843379 5.62178841
0.81391984 0.42281597 7.88583995
0.21449793 -0.64430484 7.39491392
0.99485722 -0.36756536 7.01820773
0.47378022 0.26557001 7.71538071
1.40044509 -0.39840661 7.19863052
0.9673026 -0.61166963 7.81328967
0.43812332 0.64675983 6.07305322
0.01125008 -0.55959288 8.21878227
0.66774737 0.5758457 6.51397811
0.5568899 1.52831297 6.67730414
0.10593027 -0.07452548 6.41374369
0.95172123 -0.19416408 7.6746044
0.28636747 -0.36389356 6.63604438
0.51611506 0.83183358 5.99548181
0.41507362 0.94730798 5.78426681
0.06936075 -1.11453033 8.22539165
0.88117758 -0.63560585 5.22786121
0.077134 -0.45426948 7.03640151
0.73768074 0.1142505 6.5237775
0.28280556 -0.14805631 6.35199921
0.64981253 0.99093416 5.54035331
0.93387304 -1.17705744 7.74298115
0.83584827 0.3019776 5.45634958
8.65875237e-01 -1.31194415e-03 6.53637077e+00
0.17753453 0.20279702 7.591312
0.88080802 0.64247455 7.82457753
0.47965915 0.43393131 6.7256881
0.34669832 0.03155422 7.26346281
0.54124841 1.01020579 5.96473867
0.06724826 -0.83990445 6.87757308
0.01092249 -0.27101809 6.99431533
0.36925464 1.09203129 7.08049085
0.54914557 -0.06839083 5.57705537
0.73371658 0.18765304 6.2317121
0.58045696 -0.4159684 8.11416235
0.10906962 -0.59826122 6.57986266
0.76400888 0.62494673 7.34971088
4.74645510e-03 4.40706010e-01 7.68732821e+00
0.53795539 0.40210482 7.00297073
0.62803071 -1.06302066 6.71824912
0.76899284 -0.13257391 6.46855436
0.32285702 -0.15737622 6.44698784
0.52822535 -0.59720024 6.29409538
0.62356441 -0.89165985 5.12827341
0.9983879 -2.43830488 6.92049986
0.55321152 0.37908008 7.88558921
0.82069892 1.38683686 6.92914261
0.57685544 0.22240048 7.11601916
0.83002662 -1.41710846 6.87582957
0.01887067 1.0141971 7.44306393
0.84655237 0.56838955 7.17236791
0.4381132 -0.93672805 6.73554759
0.16359318 0.08548314 7.72310225
0.00690078 0.25111799 6.6418313
0.83032245 -1.03421678 5.46001138
0.98529983 0.03488338 7.97505821
0.79915366 0.42648887 6.7642932
0.69657512 0.30042869 7.63276834
0.55393321 -0.83648598 6.58795265
0.02926432 -0.07338403 7.76450436
0.93620952 0.38991209 6.78322967
0.96481918 0.95716266 7.09102908
0.10844135 0.50136886 8.1601316
0.99654676 -1.33444106 7.25721479
0.95256699 -1.25543829 7.75835456
0.18474833 0.51594781 7.95776328
0.40864142 0.45411868 7.99509251
0.53888394 -0.71108967 6.42958523
0.55679774 -0.18607273 7.38218097
0.18691511 -0.78192338 6.60011297
0.7697192 0.83292039 7.21707709
0.4134954 0.01244719 6.49035594
0.73904702 1.35725139 7.11859777
0.4965219 -0.52361183 7.4206258
0.06784851 -0.38559455 6.69240498
0.11785654 -0.40774813 7.70265075
0.06376477 -0.64016332 5.12496464
0.70963493 -1.23357209 7.79355563
0.51695294 0.64196818 7.19829879
0.90007445 1.67722791 7.28338772
0.14882971 -0.04767374 5.85301098
0.73580863 -0.56161281 4.54592245
0.51369376 0.69371628 5.89116485
0.74065919 0.15347493 7.44370454
0.29705881 0.91122972 7.33543886
0.98471474 -0.30985872 6.52065483
0.32099624 -0.47353219 6.91884035
0.89448596 0.6196776 6.59637764
0.11856352 0.37916859 7.16607296
0.31694098 0.88143288 7.94380161
0.90936403 0.69807075 6.77524937
0.14612102 -0.11931575 6.79548795
