0.33286754 6.89003547 4.46070487
0.1707542 6.50563897 3.80929163
0.14209175 7.79989446 4.60893717
0.54998409 7.97892382 4.74088805
0.23270525 7.58914897 4.06329848
0.54345011 7.28058587 3.78898576
0.86455268 7.65626454 3.94987415
0.01663335 8.07909668 5.17135307
0.97796968 7.04485902 3.37566216
0.15024106 7.93755234 4.77979274
0.38976781 8.48266382 4.59284198
0.82395417 7.70790852 3.98543231
0.29327306 8.91593743 5.43261518
0.5721234 6.64871749 4.09282605
0.79626283 8.37549117 4.54250695
0.32708888 7.38344572 3.79021797
0.30329351 5.6698283 4.23775049
0.01655211 6.56111494 4.6289
0.30914684 5.56344597 4.76553732
0.6459103 6.11256514 4.7311458
0.04817776 5.94873828 3.31257431
0.67423191 4.88340579 6.41620127
0.78666971 5.85998816 4.41486119
0.81005944 4.97478077 6.11872977
0.01981436 5.47696295 5.45572477
0.73292641 6.06552837 3.99056507
0.90546826 6.3985539 4.39829503
0.6825785 5.87521871 4.00399722
0.65878397 5.61131625 5.59157258
0.19710033 5.58929125 4.52049097
0.2803837 4.86732062 6.31463078
0.01756147 5.59632012 4.69488562
0.09741583 5.96073962 3.61949844
0.46692642 6.3965294 3.79275539
0.86259947 6.42852407 6.64618359
0.7056774 6.23342614 4.67071523
0.59308435 7.25720321 4.64095729
0.49153869 7.82695018 4.96107306
0.73375571 7.48279176 5.31848881
0.70363091 5.09169825 5.97125982
0.93046781 6.32146094 3.13573394
0.52649909 6.54537742 5.60017658
0.73818289 7.68415351 5.24082523
0.70083531 6.73785302 4.29387882
0.28624187 7.18926565 6.62620256
0.20803616 7.94080992 4.68681946
0.21892801 8.02875521 4.40170071
0.39949364 7.23573708 6.5565881
0.92159342 6.60658614 6.19369534
0.24890607 7.02136192 4.96692208
0.76408322 6.761118 5.41196455
0.88676704 6.1918276 4.12142922
0.77906542 7.08885294 5.20996525
0.93517304 6.60309961 5.62635473
0.36513788 7.34614639 5.73810563
0.16591977 7.12936262 5.41399406
0.01957105 7.12701124 5.06955471
0.61500191 5.79949067 5.36865467
0.68290491 7.55410673 4.91763393
0.79257472 6.92874955 5.07097928
0.1040867 6.59848314 5.30057656
0.38472871 8.0191381 5.97467113
0.99219226 6.97833756 4.41421362
0.58705409 6.38462788 4.82998622
0.44806025 5.91945401 5.12827972
0.81022019 7.33197385 3.79060412
0.36962393 7.16989903 4.59630418
0.10442653 6.73625492 4.28654694
0.08986099 6.54035562 6.34418867
0.3259904 6.49813728 5.58036066
0.77552198 7.77620026 4.52819862
0.42295134 6.06187926 4.41407164
0.03137643 7.50309505 5.40791438
0.17817197 7.92750225 5.66716706
0.90747628 7.72444246 5.81445097
0.59989362 5.88085949 3.87985978
0.60866063 5.82076738 4.39876572
0.61516977 7.71363998 4.68591557
0.71342728 7.43387983 5.66887831
0.89358915 7.21108763 5.12231865
0.99922485 7.20573649 4.74919861
0.3427475 6.97913109 5.99594813
0.61251617 7.67599702 5.60147722
0.15461549 6.95643318 4.8316499
0.67197998 6.88642683 4.45594322
0.4824018 8.1925643 4.51550957
0.63579622 6.79445691 4.2846017
0.04182645 6.47291084 4.35351295
0.62529761 7.84870415 5.44029456
0.41610809 7.81141587 4.17558064
0.89058842 6.17549583 3.32960122
0.03869643 6.64561447 3.74119834
0.82038396 6.50473347 6.04281155
0.70186743 6.08689319 3.42612558
0.63964758 6.75170372 5.47099259
0.72342193 7.02288435 5.56898018
0.53148417 6.61936543 5.46704303
0.78278993 6.19202779 5.61548421
0.55104318 6.09681404 3.95799
0.72989006 7.3635655 4.48334014
0.190371 6.32408911 3.5683664
0.23895573 7.91289654 5.41451811
0.88676886 7.29976505 5.39031513
0.10262092 7.75047218 4.46749679
0.5040172 7.15744634 4.61007245
0.10474781 7.52346349 4.42367633
0.2472662 7.56636944 5.2179546
0.33450425 6.23050316 3.39691464
0.17867363 6.87773315 6.04150529
0.09826911 8.25428074 5.65325694
0.06244291 5.72550951 5.9270014
0.62083694 6.66018237 4.92536773
0.8698723 5.76032435 5.67509951
0.54460276 6.77992004 4.25260802
0.06268377 8.20303452 7.06245695
0.97592287 6.4305127 4.71878256
0.75013218 7.08237765 5.79897694
0.21336174 5.63531304 5.25755383
0.64554543 6.91677596 6.60778228
0.32415988 6.03076959 4.08390782
0.0137337 7.07848002 5.58200605
0.35465997 6.36259153 4.88741102
0.1204136 5.93709513 5.55283381
0.82477617 5.85599966 4.70968034
0.65141692 7.72529206 5.62168266
0.32122709 5.90866072 5.78366816
0.46598703 7.04245317 5.14939255
0.92468342 6.22357213 4.82677634
0.82641338 7.59381966 4.53526281
0.01084885 7.41777764 4.95563197
0.0320075 6.96210948 5.66280219
0.36636624 6.72473703 5.01698122
0.97778542 6.65553274 6.14469653
0.36390815 6.28579394 5.54966463
0.40466808 7.91772186 4.59184495
0.5512307 8.09443761 4.77551406
0.71830312 7.23982086 5.80755228
0.66434313 7.02068174 6.10489934
0.0979604 6.77882655 4.70045457
0.74077252 6.06143927 6.94358999
0.43827222 6.78418802 5.6783635
0.43855239 7.5363018 6.14463749
0.02866698 7.14574781 5.40704662
0.8994504 7.48616565 4.94977146
0.13900405 5.81520373 5.4584476
0.56145143 6.66854667 4.50360858
0.77187507 7.39129709 6.72319408
0.55107291 6.74333248 3.4623462
0.13300949 7.59624478 4.50866809
0.25318081 6.94715922 4.90079142
0.72642527 5.60183603 4.79956664
0.54244414 8.51787173 6.05078078
0.4562226 5.733201 5.03636646
0.0546313 7.36944957 4.23086675
0.99006162 5.81920514 4.83359521
0.92657024 7.9788025 6.81279572
0.28199922 6.75875567 4.05048315
0.51092529 7.03887586 4.78661319
3.98658256e-03 5.49265177e+00 4.84447142e+00
0.96124246 5.58760005 6.29878221
0.29991461 7.95500488 5.19715908
0.95263719 6.58176482 5.74676978
0.69458962 6.78054903 5.11685769
0.54740724 6.70865245 4.83071114
0.91609239 6.62885398 5.46245281
0.46851316 8.40762605 5.04977366
0.74633396 7.92574798 5.06590319
0.38820217 6.35535302 6.1609227
0.61574609 6.24416531 5.03125505
0.03568329 6.92185952 5.14831238
0.92137217 6.50607489 4.69691485
0.10914786 7.47818344 4.21930958
0.77431877 6.09618606 6.22552518
0.76507953 7.53579903 6.1547468
0.21796937 6.21873262 4.67608485
0.69457342 7.04297436 5.41943687
0.31951959 7.21843379 5.16508692
0.83790359 6.24518165 5.28950787
0.95570073 7.36991182 5.22644357
0.6463374 6.58341426 4.92159014
0.58589491 7.22245609 5.46669217
0.22759756 7.21763049 5.11010057
0.38943658 6.71352184 6.35333498
0.17596637 7.68282557 5.2299806
0.89377736 6.10382322 4.01658942
0.40785214 8.21683463 4.81734377
0.13620579 7.36316273 4.79475639
0.15174675 6.86578901 5.43888242
0.73680632 7.78372067 4.51711931
0.16940461 7.64271412 3.8915804
0.31566203 7.39296102 5.45492362
0.52985827 6.30501097 5.3173488
0.13529562 7.77638489 4.28876125
0.56732116 6.33135215 5.52167993
0.26128776 7.51863913 4.13896338
0.09024308 6.43131302 5.31874971
0.27635009 6.67230356 6.71480512
0.26631015 8.02154849 5.13829311
0.02962653 7.90748024 6.08608099
0.75433403 6.01165551 5.11506243
0.81321867 6.54234544 6.0614902
0.37171729 7.16691308 5.00110185
0.96903396 7.41303895 6.27946291
0.24342528 6.17193015 5.01915641
0.24715962 7.54040486 4.34369138
0.27329293 6.26035928 5.42287775
0.71301381 7.80207775 5.55912476
0.33629057 6.19266429 4.96150028
0.03209742 8.01303475 5.95202279
0.67830665 5.94328319 4.71499636
0.9734616 6.77600782 5.91751067
0.83838101 7.2977113 5.88943337
0.49878931 7.09799702 3.30735868
0.68284109 6.95596787 4.53700129
0.87877072 7.70426976 5.15045751
0.37972045 7.31698934 4.79202744
0.04371905 7.89008408 5.04751747
0.47070145 7.7640324 4.67548496
0.88065023 7.54362594 5.69066047
0.39156757 6.46682991 5.33377696
0.74399505 6.89389246 5.06867288
0.57019831 6.92198105 5.9813255
0.38943537 7.74424671 5.52981127
0.02281839 7.08244455 3.99123932
0.9436657 7.21069497 5.44729016
0.3197904 7.53769293 7.44173894
0.40198047 6.61385323 4.98277835
0.83681102 7.70628502 5.60516245
0.41197745 6.92030459 5.09031534
0.90292242 7.32390731 6.02984116
0.69383687 7.08752761 5.01227902
0.27184137 5.66231038 5.5333815
0.99455724 7.8083551 4.38775386
0.49022246 6.33435206 4.35356845
0.37604766 7.34758425 5.23961723
1.06681012e-03 6.51470868e+00 4.50381221e+00
0.51306133 7.1652871 4.80588901
0.61145489 7.17431977 3.40756196
0.47096783 5.23236582 5.79637845
0.32876981 7.04116496 6.44208169
0.46370543 6.56652564 4.76905289
0.04021789 6.19813432 4.72416363
0.65974555 6.34819456 5.77882899
0.56810087 8.02769834 4.88065843
0.21092198 5.8283665 5.17178334
0.54036638 8.52760947 5.98450739
0.0295295 7.59035396 4.04794112
0.96804523 7.32637991 6.50416308
0.88945766 6.8491398 3.29236259
0.73988225 7.45865922 5.44313446
0.66096875 7.92282237 5.28890161
0.97493829 7.49899661 5.31312258
0.75825421 5.49993527 4.93999598
0.28474909 7.37634455 5.24498546
0.65282886 7.0174708 5.00799664
0.58863937 6.95452331 5.51041054
0.22413984 6.68149855 4.50922929
0.24332049 7.07676545 5.19770543
0.40444637 6.204241 4.15182147
0.4304725 7.45064996 4.32147947
0.63974309 7.60052675 3.9992928
0.12726762 8.67043277 6.37918458
0.29744812 8.05012311 4.73335988
0.07976268 7.12997112 5.70875748
0.57990549 7.79908827 4.23807118
0.0894679 6.1791272 5.46104735
0.04452208 6.99696951 3.98684661
0.45331591 7.59077067 4.29000089
0.97082073 8.24256357 6.51489159
0.94362992 7.11086309 5.81749182
0.01080828 7.44460289 6.04214849
0.42396538 6.06788864 5.31306554
0.77130754 6.41365103 5.63154524
0.06110768 5.7844724 4.87248889
0.66468796 5.21821121 6.05541943
0.9663733 8.00887263 6.14691113
0.46632807 7.6358291 4.79846565
0.93737969 8.35942362 5.22847526
0.8100188 6.54315845 5.52691731
0.82940077 7.23240048 4.84508004
0.92062305 8.13193068 4.47433901
0.11848652 7.16292673 3.92663457
0.30218826 6.34492302 5.7865345
0.53189814 7.07802952 4.11584215
0.01008306 8.51570857 5.52707135
0.28938051 7.19857095 5.56509459
0.36755971 6.64141264 5.41343728
0.90487623 8.68549771 4.97932598
0.76811451 7.72770427 5.69020459
0.09813343 6.38414958 5.37406344
0.05903071 6.09385656 4.89131664
0.37292081 5.59440151 4.85940185
0.01005754 7.56398878 4.8609592
0.77215726 6.96617736 4.62014854
0.16727217 7.89227238 6.93526342
0.1517743 6.72531111 4.18394213
0.85157867 7.22953589 5.07691418
0.41860299 7.13895357 6.59805233
0.99288263 6.26029547 4.42332787
0.13898609 7.36491943 6.19639551
0.45155099 7.46835889 5.29148687
0.41078122 6.15047902 5.76292492
0.21074119 7.48131514 4.89358855
0.11890138 6.89582882 4.12157733
0.48672334 7.78312981 5.00120627
0.95758779 6.95237727 5.1089296
0.77306464 8.12688486 6.25440315
0.28846609 5.91359163 5.44830233
0.97261102 6.18597907 4.43038055
0.59305694 6.93348086 5.38207339
0.67400842 6.72990489 3.87952239
0.46853041 7.09164867 3.31592156
0.02850577 5.35691846 5.66991397
0.81449049 6.59990237 5.27847482
0.32121765 5.948751 5.36193779
0.44151661 6.9361564 4.82231032
0.94780131 7.50907526 4.00924241
0.06262484 7.8825591 4.15363438
0.55715102 7.37068683 5.02255836
0.66241178 7.26859101 5.23740734
0.59243688 7.51398306 4.39702082
0.16967761 6.83091139 4.17764465
0.89044194 7.25750449 5.58514548
0.76859812 7.09711208 5.95540525
0.25225523 7.18980277 6.2028953
0.06495252 7.51304102 4.25247621
0.76422453 8.04283281 6.20618433
0.84903612 7.79718762 5.4293091
0.10965159 6.87279652 5.46305814
0.76890613 6.39026106 5.54406153
0.56516041 6.13861663 5.52435153
0.11897129 7.72910599 4.78079346
0.08315053 6.93637219 4.02345475
0.6080512 7.79826338 5.630342
0.33525959 7.24671468 6.23812257
0.63160371 7.56738656 5.28092607
0.1575814 8.36375605 4.51242887
0.17594635 5.68177191 4.23976873
0.48719835 7.3078665 5.23390968
0.6970728 7.24178278 4.75933265
0.76703837 7.3194402 4.76404757
0.25076447 7.22081007 4.72867678
0.09254011 6.37319182 5.60607264
0.11462239 6.82249786 4.79279051
0.5433254 6.30256785 5.67603835
0.52433968 7.6974851 3.88054426
0.17149676 7.49079904 5.79018432
0.86494332 7.11297538 4.85479299
0.53817176 6.04026223 5.11644487
0.54408814 7.63729704 5.02688004
0.0451077 6.84357272 5.27665779
0.22508235 6.0591873 6.16227851
0.57591432 8.07965284 5.48720067
0.413793 7.4153763 5.07527125
0.71137078 6.51781468 5.34777791
0.42524581 8.31005577 6.61824983
0.92861439 8.04350779 4.78051118
0.80194011 5.74265747 6.4023788
0.01076489 5.70096606 4.00226263
0.95553143 7.65709194 4.112502
0.68045673 7.66118433 6.60881022
0.42774758 6.85398233 5.09123573
0.44648465 6.50761675 4.92690575
0.40226442 5.89850581 6.80623941
0.24685345 7.05579464 6.81077696
0.76583611 6.72988104 3.98783178
0.7888302 7.91071132 5.00112499
0.46195938 5.83502081 4.61005901
0.1279426 7.2354988 5.60461199
0.51560042 7.01948131 5.32459589
0.37008938 7.18432509 5.6201357
0.18561189 7.78289797 5.76927185
0.270394 8.58198649 5.49238382
0.54843176 6.32081356 6.17733276
0.18925442 7.53521369 4.41818243
0.33656506 7.2089755 5.55901176
0.21736976 7.08649657 4.85812586
0.03816853 6.69517963 4.00414154
0.30167957 7.72568733 5.45218875
0.48761296 7.06621127 5.49768393
0.43791807 6.16591162 4.99424147
0.45754326 5.98211517 4.67068735
0.26347194 7.14162737 4.83182509
0.86602882 7.04867274 5.16555735
0.29610658 6.00403317 4.37520486
0.95170471 7.35260215 4.33557164
0.00980334 8.01622842 4.54773051
0.82621858 7.34748801 6.41779665
0.26906501 5.71790798 5.37697085
0.00786347 7.03187746 5.21630627
0.46934291 5.55796165 5.02969552
0.24145782 7.52258318 5.84771062
0.76483774 6.00761265 5.56261693
0.62157753 6.39606092 4.28184492
0.9394483 6.60034389 4.66741525
0.98829334 7.37964422 5.06913406
0.39157311 6.4699812 3.04312666
0.73115543 7.24139109 3.82758738
0.55826997 7.01903064 5.50416501
0.65051182 6.87581688 3.83016097
0.10110478 7.55361099 5.41329603
0.5061649 6.54500434 6.30513515
0.32855441 6.62036198 3.78378832
0.11899441 7.58283663 5.22041369
0.7807305 3.13454447 2.50618837
1.51709135e-03 5.32837026e+00 3.00506215e+00
0.54686365 4.53604344 2.25683731
0.36849219 5.57989554 3.19782466
0.68774841 4.29489547 2.3774472
0.79508973 2.66685763 4.80176793
1.16696749 2.76831748 3.15648063
0.22502114 3.70757202 3.89568307
0.2766789 3.42351212 3.95737983
0.86656108 4.34465834 4.74743525
0.0732024 3.62976993 2.94810286
0.20241347 2.82864095 4.17473634
0.62100748 4.29324945 5.18460242
0.09046881 4.36587688 3.6398409
0.28148098 3.32789599 3.02989315
1.1616878 4.06737808 4.57575604
0.54029123 4.1479556 5.24072491
0.30964793 3.74034669 4.45414457
0.47133163 2.56138233 3.77012086
0.82100899 3.65610007 4.02896163
0.69512981 4.09862692 3.6842224
1.14391243 3.40704467 4.88537199
0.83781617 3.55734229 5.47865135
0.07637171 5.76346754 3.2535611
0.49351969 3.43602517 5.69197107
0.74689296 4.32375181 4.45480629
0.38830226 4.68450141 3.68607646
0.25561751 5.08541792 3.52211312
1.26525014 4.52086472 3.56620111
0.22880279 3.55266384 4.54014611
0.31064365 4.74222472 4.06650778
0.1499371 3.8436014 3.42982683
0.16047419 3.88954787 3.8573594
0.02944324 5.0265199 4.90343268
0.20566748 3.79557417 3.54203954
0.20746753 4.19954899 5.10591331
0.00757535 4.50945861 3.86261687
0.8753117 3.64188227 3.66336153
0.03966872 3.4925769 4.34438759
0.35705736 3.03344948 4.4793614
1.31767117 4.67830211 3.22266679
3.12692806e-03 3.38759125e+00 5.10872361e+00
0.27513723 4.28671552 3.44885372
0.03911842 4.91454691 4.50927683
0.41230512 3.31481015 4.68979719
0.78620839 4.48218447 4.61435504
0.41644682 5.35554343 4.16313157
0.26979604 2.94207084 3.36711984
0.1491136 4.35909079 3.87890222
1.15817865 3.3168656 3.16905224
0.40957518 4.29433176 3.23956853
0.20450493 4.81025852 3.44366707
0.29936089 5.46567222 3.98728547
1.51055556 2.97315899 5.48829763
0.50758243 3.65879341 3.68043028
0.57066208 2.5636309 2.67128061
0.35263509 3.42741145 3.18439546
0.24432022 4.94893838 4.58458029
0.05762769 5.42075168 4.21059866
0.47314146 4.54677192 3.17596093
0.39038157 4.6693326 4.12213363
1.5268424 3.14984474 4.43080972
0.84204061 3.77981406 3.87645354
0.55136781 3.97606572 3.68840643
0.36434995 4.93496192 3.46026147
0.49686639 3.12942062 4.20423783
0.92688668 3.6768693 3.07673273
0.78393334 3.52365729 2.90412877
2.05435361 3.04274749 4.41005842
0.6484933 3.43288101 2.46654121
0.49387388 3.83946554 4.20382255
0.54327776 4.17225166 4.504346
0.89983082 5.23882363 4.88184232
0.16440513 3.85159841 4.62089748
0.23706852 4.28013027 3.21677884
0.57203027 5.51763077 3.97679557
0.83927517 4.96857769 3.35560048
0.5039202 5.09281609 3.83588052
0.63732548 4.20005526 2.35954069
1.19604071 4.53956216 4.01429708
0.58361209 5.00431767 5.28674023
0.45628698 3.93116927 3.90467137
0.56886351 3.14353739 4.38128582
0.51856087 5.12709621 3.90044236
1.30677988 3.90100215 4.0591379
0.66618711 3.94027701 4.10850347
1.15300696 3.56591146 3.38072075
0.42220034 2.27729294 3.09784651
0.89811735 2.70507741 3.93169254
0.86086475 4.15651486 4.12637264
0.93016025 4.74523397 4.88210578
0.55002109 5.33106447 3.51659852
0.4934674 3.30342477 3.57928062
1.01034261 3.51719758 4.25544164
0.6596078 4.18975377 2.21969706
0.86202422 3.38377427 4.8323362
0.37617003 4.1519727 3.0626515
0.75583444 4.36492641 4.06196526
1.08741564 4.80917564 4.05839924
1.25067129 2.85450087 5.23281431
0.79270623 4.96796072 3.5042484
0.05952837 3.45987623 3.09433676
0.58184728 5.57988933 3.4489878
0.13867697 3.63797691 3.00927233
0.60087784 4.00408618 2.98845911
0.2289841 3.59632883 4.19338133
0.27390374 3.01396469 2.93965821
1.32537083 4.1414128 3.37666826
1.26297176 3.20711772 4.56414757
0.68261078 3.90164168 2.44784904
0.56682801 4.42200383 4.01352664
0.48327082 4.41145459 4.39943675
1.0170238 4.2127294 5.76759174
1.16104246 2.88096787 4.05281458
0.94720718 4.49680105 3.29221574
0.31888652 3.83957627 4.81888915
1.24320153 3.66197655 5.36975852
0.7152002 3.77440846 4.46583693
0.48746775 3.17865911 3.50967179
0.46382695 3.06852019 5.09381017
0.075676 3.51452883 5.12682386
0.42046251 4.29028738 5.272958
0.24102136 3.87250418 4.42088578
0.44441386 3.01736049 3.73582462
0.79432608 3.932825 4.61062361
0.16796611 2.59109956 6.0758439
0.62189077 4.17222323 5.27840743
0.32388445 4.66810523 4.3790088
0.74056851 3.53016185 3.98868484
0.50396233 4.6896681 3.91502384
0.31179485 3.53510311 3.98218069
0.42440678 3.86261255 4.65377475
0.35860723 3.09378253 3.17069975
1.27792093 3.27692783 3.76642835
1.74593612 2.83639234 4.8711788
0.15208341 3.77111482 5.23424951
0.43911622 3.37226792 4.72503066
0.23914549 3.35510475 3.91170157
0.56344658 2.61215951 4.14463946
0.26450517 4.0332334 3.55742142
0.73959343 3.37808773 4.0655796
0.15289002 4.95010832 3.80669197
0.64214077 4.63292347 4.80619023
0.72579064 2.95290784 4.86871777
0.23379664 3.66119228 4.46700842
0.18622321 4.8239065 4.10473412
0.33477616 4.19240469 4.55156764
0.23999851 2.61985173 4.18574696
0.00978967 3.76828517 4.48892477
0.04282797 3.73764274 4.20368044
0.07436053 3.85590607 4.99369784
1.14894679 3.58364053 3.95898562
0.79757084 5.20414487 3.95049078
0.55449451 2.51508414 4.02280383
0.6491049 3.1921762 4.83946041
0.38968126 3.53529311 4.47076161
0.14271386 3.21568368 4.41921085
0.21251145 4.75087806 3.65395292
0.09872603 4.31858991 4.17482706
0.08077138 3.51995981 5.90184649
1.93078099 4.38915921 5.45321072
0.03415543 3.50560359 4.19669852
0.57080328 3.87985792 4.15037184
0.92057767 3.82118444 4.54235419
0.03559501 3.3005328 2.88202988
0.5524447 3.73457132 3.70065251
0.85820276 3.5149175 2.97913741
0.9011944 4.76708957 3.06258559
0.31382956 5.59895576 3.67130955
0.94725359 2.82393258 4.55853826
4.09062638e-04 5.50130530e+00 3.73113781e+00
0.06064797 3.30223881 4.69623961
0.19236898 4.31836611 3.52972938
0.6566103 4.77588846 4.49944064
0.57215557 3.51375232 3.93816556
0.73318261 3.76687229 2.58231649
0.45880364 4.9571278 4.17171934
0.55286059 4.31092042 3.31584124
0.6311295 4.30106047 5.12654206
0.37994624 2.97485238 4.91558781
0.36974456 4.81233684 4.848876
0.81177662 4.37734549 4.07135998
8.24538761e-04 4.78219643e+00 3.94652361e+00
0.96234673 3.51907752 6.22556009
0.02964243 3.85921236 3.88592669
0.62901711 4.13529218 3.73532379
0.08614774 4.07171295 4.42403746
0.71825391 3.53325054 4.31072527
0.3626506 2.78751254 4.15562928
0.61769774 4.23851426 2.70364714
0.47086989 5.17310695 5.28208012
1.27357659 3.61960322 3.37248319
0.01434889 5.39378107 4.64794506
0.84736456 2.77150064 3.70421419
0.24940763 4.21676439 3.99775625
0.64691117 4.32625733 4.13604183
0.29736458 3.98242512 2.99657415
0.06551298 3.31938007 6.22878169
0.66941691 3.47763103 4.57580207
0.44418236 3.30064292 4.090734
0.53723759 3.98034974 3.44394999
0.6097713 4.47389132 3.52050624
0.89111328 4.13472887 3.06995602
0.89956158 3.64636356 3.60308842
0.57527915 4.40995765 3.62613186
0.60028347 3.8822041 2.92497978
0.57432227 3.23571196 5.43998428
0.06765082 4.47082106 4.06307598
1.43042473 2.86304416 3.67452258
0.88122478 3.24667884 3.52221892
0.42126325 4.51008723 4.00112803
1.32581042 4.63478987 4.6125584
0.91098698 2.97886052 3.77775354
0.21130489 4.19595135 3.87905017
0.0171035 4.33327197 4.58217327
1.21349804 4.34241571 3.2058171
0.98063607 3.70070309 3.74267216
0.57714506 2.80251376 4.09170593
0.63779004 3.95613902 2.35731481
1.64104623 4.98405797 5.32745215
0.56071273 5.14708524 3.91304245
1.24037566 5.18224434 5.02512079
0.03183506 2.90733311 3.98275098
0.37530552 3.95767463 4.39183381
0.04480206 4.15186833 2.97665667
0.25082985 3.90997331 4.13954568
0.50335667 4.08127392 4.04494919
0.90789288 5.0932922 5.13097714
1.61041278 3.61416036 3.9215846
0.23671728 3.93441056 4.66251391
0.37144492 5.2213157 4.1517923
1.48758473 4.18233743 3.76815836
0.63333984 4.26470412 3.46530171
1.24353737 2.54622906 4.77210502
1.29640988 5.0713922 3.8458533
0.03001287 3.48953221 3.05155587
0.02860638 4.98068415 2.54894974
0.29268965 4.57653528 3.76519258
0.82530468 5.20066779 3.69491627
0.21788254 2.49480878 3.6232423
0.49093472 4.88779663 4.71260696
0.80322766 3.13199462 3.89210983
0.26817477 3.60303608 3.65125038
0.45362336 4.62627031 2.85958051
0.39623955 3.21338971 4.34996632
1.02045478e-03 3.28060472e+00 4.15308952e+00
0.50151864 4.60206609 5.29177412
0.58513334 3.34066718 5.12846771
0.79362242 4.8127387 4.25068426
0.52675739 2.82300136 3.07468601
0.39316883 2.58307585 5.27678399
0.1160855 4.33880647 3.68888724
0.94591695 2.84070348 4.80905849
0.62908957 4.18989809 4.07763941
1.52530918 4.63126171 4.27928775
1.20546877 4.41414519 4.01396661
0.55376087 3.68617761 4.33285145
0.34758814 4.30490089 3.95303233
0.99789052 4.14496877 2.76378242
0.77737774 3.30360928 4.01791134
0.39106346 3.63675169 3.88542927
0.31578857 4.11634809 3.276242
0.1758287 2.63256951 2.98161021
1.53921706 4.5650899 3.51612225
1.98014793 4.55857129 3.01794524
0.10335743 3.05364293 5.11511841
0.22903174 4.40194176 3.65971915
1.17957664 2.85940543 4.10860695
1.36478367 4.29405329 3.86024723
1.18787207 3.92845367 4.4121621
0.22981595 3.97340652 5.14742344
0.93232466 3.93259711 3.12754801
0.05359531 2.69865056 3.42662454
0.87620408 4.69874411 4.55412326
0.00574719 4.19384522 3.72727068
0.22246119 4.44697874 4.52059085
0.56726046 3.06575981 4.20090975
0.48295485 3.97817058 4.50321934
0.03306839 5.58894171 3.14255414
0.18061336 2.68955088 3.86400894
0.51397567 3.20758079 3.63240058
0.1190049 3.86596074 4.12957444
0.13208008 4.96428765 2.99029413
0.28552524 3.65918055 5.41444026
0.69779443 5.62458188 4.08157246
0.80753965 4.42800713 3.87696104
6.28411990e-04 4.23285325e+00 3.43669061e+00
0.32038022 4.71820377 5.6446593
0.12707657 4.38285484 2.75027376
0.87991202 3.27326686 4.32863557
1.1120707 4.40391107 4.0828422
0.94665377 2.66373555 3.31166761
0.95338899 3.81954993 3.71317209
0.05676588 3.5019237 3.68154741
0.10284588 3.23704961 3.82016626
0.31708623 4.60545639 3.85806822
0.80768838 4.89107736 4.1692367
0.63201288 3.16197738 5.13196194
0.25610082 3.36161506 4.05342855
0.2221287 3.70642249 5.00231625
0.71097562 4.32674724 3.52803893
0.53197969 4.81063611 3.83997454
0.93075118 4.0866339 3.91541647
0.67846903 3.04472219 4.22503801
1.80506406 4.2804722 4.42698276
0.55768434 3.55568644 4.61137143
0.59184416 5.08349033 3.98026855
1.07656746 3.96082519 1.99004098
0.06729329 4.32191787 3.41769691
0.02434411 4.87145507 4.20485641
0.00918111 3.90684148 4.57718995
0.39931712 3.67826725 5.56912557
0.2200614 4.99990687 5.00668773
0.307881 4.5889846 4.40616783
0.51252837 3.92220425 4.21559585
1.65894578e-03 3.46980384e+00 5.09153788e+00
0.42301465 4.54838185 3.33514542
0.62644821 4.94048334 3.0073349
0.20407359 4.10188058 5.02293017
0.01191611 3.16338622 3.22775624
0.33477252 4.36457087 4.38174293
0.42626938 2.26980864 3.25333747
0.55193069 3.26892865 3.25875532
0.24699265 3.92467727 4.49742953
0.20942635 3.80185597 2.92984246
0.45226829 4.30062986 3.05036456
0.43319156 3.99531389 3.97386913
0.39572231 3.90600528 3.86394775
0.67126258 4.20075348 4.33068849
0.65462234 3.51296871 3.29391587
1.12771436 2.56293522 3.4032796
0.04925921 4.33262072 4.29321777
0.20408657 4.00097419 5.23626935
0.25976469 3.99051734 3.81156104
0.36456187 3.62812882 3.72067453
0.53191059 3.48404656 2.53547948
0.30141339 5.10164611 3.94801275
0.07618143 4.68386732 3.65479926
0.23212458 4.58473712 4.14351546
2.27933636 4.73355072 5.28654241
0.68857813 4.52240189 3.28240443
0.40571601 3.18387274 3.67341538
0.72043602 4.90639125 4.54105074
0.34164437 2.95602641 3.45606477
0.27683338 4.355725 4.46895586
0.71939987 5.35909014 3.31459366
1.55385442 4.55083632 3.42386168
0.20965907 3.9946134 3.54895158
0.27331038 4.77098476 3.17018825
0.56335225 4.40811224 3.30862303
0.17736799 3.69743011 4.41609392
0.24743081 4.73215531 3.57959611
1.28741089 4.0743927 5.82443266
0.77754645 4.37813225 2.87677681
0.95977039 4.06894094 3.15586949
0.14726482 4.29287986 6.13754976
0.96095146 4.87969809 3.4412141
0.33645612 4.74927058 4.29674909
0.70830234 3.67846904 4.46689251
0.12671187 4.1755115 4.64571167
0.59683465 3.62411727 4.45377623
0.16156492 4.33574736 3.17851749
0.05684314 3.59574897 3.11575206
1.51567045 3.27091188 3.6799763
0.89876902 5.12092078 4.68247126
0.42069196 4.76450075 4.19860403
0.61757041 4.59557413 3.52060904
0.10402491 3.7075865 3.07315012
0.53810418 5.01418113 3.58471431
0.53056933 5.05736766 5.47108262
0.44486701 2.80786989 4.63504138
0.55888276 3.51100023 3.83248167
0.58542442 3.60209121 2.66194846
0.14060063 3.5451985 3.48339148
0.64597819 4.01045895 4.71073639
0.19711817 4.5906791 4.8069902
0.83882563 3.54410804 3.88361549
0.9716058 4.32315515 4.11384409
0.87885406 3.86806134 4.30602862
1.53411463 4.13371898 4.07757553
0.90708005 3.281569 3.90217647
0.22686985 4.5937344 4.26250001
0.39507347 5.09673412 4.50200482
0.669177 5.94679984 3.1243988
0.86326746 5.69773078 3.69321183
0.07222234 4.87421356 4.63345183
