0.96863872 8.50782229 1.83180087
0.83721107 7.50018644 3.03771599
0.71262045 7.88511838 1.64900312
0.49018861 7.64830603 2.15663397
0.70288114 8.03746226 2.18389149
0.65643828 8.60182592 0.58229388
0.8139845 6.95269346 2.77030877
0.3609389 10.38640029 3.94164426
0.59455777 8.97028776 3.11331554
0.60303746 9.04060131 2.55823388
0.33110089 9.76265641 3.57704704
0.12326773 8.3828392 4.06259988
0.144837 9.66896504 2.85165301
0.63144321 8.5343734 3.84886116
0.45008207 8.33590088 3.52072955
0.68819753 8.18981438 4.21040637
0.17999374 7.69026944 2.26227402
0.73357532 8.50394878 3.95324032
0.00923631 8.40088894 2.31175616
0.87314446 9.16425042 2.16101361
0.76589428 8.15235458 3.13344341
0.53816049 9.02184995 3.03360723
0.28512431 8.095135 1.92722029
0.06534366 9.75527806 3.97631487
0.3459986 8.40026348 3.24219054
0.1169254 9.97801686 3.22978268
0.13327892 8.89055478 3.25112775
0.76710049 8.17189026 2.11904923
0.24200725 8.44409489 4.36361939
0.9739314 8.55398636 2.70321554
0.38929067 9.60018693 2.44216856
0.52112955 9.6586081 1.53585061
0.27275146 10.10585652 2.42042034
0.58867144 9.56710268 3.77656328
0.38525092 7.86830606 2.33686681
0.65846957 8.83971273 2.77746739
0.75675543 9.29601151 1.96124613
0.5669679 11.18444203 3.12128658
0.29196039 8.17605988 3.13540701
0.32191903 9.93684551 2.2652764
0.55629909 9.80565264 4.43645914
0.1398386 8.79016295 3.59367392
0.70956329 7.93809238 3.78057894
0.91042214 9.20319524 1.14056612
0.83785906 9.80682448 3.94130938
0.41627804 8.55393578 2.28945895
0.33605516 8.50318973 2.55053735
0.61097157 7.97274673 3.2191465
0.01237706 9.65080365 3.07633408
0.53690901 10.18121295 2.93597137
0.59408513 9.51084757 4.23022065
0.41061812 9.94178385 2.87553729
0.05150152 10.22801431 2.76590645
0.17949694 9.52814695 2.22229439
0.08617189 10.04221464 2.78767267
0.43250443 11.28904025 3.54167435
0.36385861 9.71343775 2.35017293
0.49522655 9.01831424 2.13615945
0.09352886 8.96889315 1.72052875
0.73059102 9.09405861 3.85628229
0.04132003 7.7672346 3.65787908
0.06936532 10.71669707 3.66966346
0.05246561 9.3369604 4.11074815
0.42981628 9.43342904 3.80083908
0.86589204 8.93005452 4.61447619
0.32494224 8.56193095 2.99727962
0.1336856 9.34797865 3.29065649
0.08103356 8.59308707 2.67535605
0.18106054 7.9012716 3.98427094
0.76851195 9.54512962 2.92004125
0.20723868 9.11008583 1.73594333
0.45171202 8.45520241 3.51022488
0.3678833 9.96255943 2.73173367
0.5346926 9.54691649 3.48291014
0.58058388 8.46466046 2.4643631
0.59156955 9.32990422 3.44635732
0.4199723 9.42406844 1.11953011
0.59357573 10.41874776 3.21814038
0.29201589 8.6195267 3.34845274
0.3325491 7.04837965 2.82152413
0.43364012 8.42487312 2.90004837
0.14791044 9.25007843 1.77078348
0.08938814 10.14243134 2.64642555
0.35347925 9.50636643 3.615963
0.84048192 9.30172728 3.85258603
0.43454768 8.81232067 4.27031847
0.53268035 8.28457077 3.84959981
0.12216454 9.08068689 4.16863525
0.42717232 9.3475595 2.24297796
0.34432304 9.45380965 2.19401527
0.37624684 8.06863438 2.54006995
0.53932961 8.97825517 3.10755297
0.48557566 8.59694482 4.03587904
0.29701394 8.21171434 3.19383976
0.57000108 8.89583091 3.53517077
8.06991272e-04 8.71853728e+00 1.92561620e+00
0.56640075 9.5319368 2.89265538
0.48109489 10.06894861 3.49061017
0.43433652 7.62480185 3.11751829
0.77231309 10.32108014 3.55695374
0.81635708 9.3490185 2.7624019
0.59951274 8.8287895 3.66242575
0.79127793 8.93398316 2.44591132
0.98293844 8.31204172 2.37234008
0.43031473 10.31807419 1.97312872
0.76741705 8.81712897 3.4052479
0.71339107 9.01547046 3.05882137
0.5577348 8.5063794 2.96300996
0.08016662 10.25134567 3.36175673
0.84941166 10.84645191 3.04911544
0.1659348 7.46672108 2.51438915
0.30086542 10.21012414 3.36202079
0.13174538 8.16333254 2.55813466
0.69427901 10.86344155 3.20439646
0.255549 9.42826353 4.13143395
0.31286574 8.34816761 2.7634113
0.83831293 9.03570951 3.50487003
0.7997717 10.34453253 2.51474023
0.15185877 8.79360294 3.31833547
0.38380851 8.7997146 2.62584035
0.9125119 9.05509933 3.24225593
0.23062931 8.02262168 3.88451317
0.06300608 8.69445057 3.95494115
0.17478649 8.39532916 3.32876493
0.87885787 8.65604285 2.69558327
0.76762282 9.28278431 2.98204544
0.09476313 8.81640724 3.01169158
0.85540158 7.8998768 2.17430923
0.07140767 8.45066929 3.84072445
0.92488713 8.41012505 2.44046194
0.29259322 9.62637708 2.94074827
0.49355378 8.13982217 3.21180885
0.78012027 9.53562421 1.10218511
0.19284222 8.71642258 3.02781945
0.01330368 7.98935299 2.07779492
0.71342599 8.44774636 3.13374942
0.24264441 8.34027409 4.03482516
0.08330316 10.18954891 3.40620001
0.11914771 8.2146754 2.16329633
0.88277928 8.86973072 3.5849175
0.55262425 8.36379184 2.44854176
0.06160012 9.34736202 2.33138942
0.31293121 10.33449731 2.72744009
0.46970528 8.49044342 3.75902694
0.80266644 8.94689681 2.86825525
0.60291114 8.82012816 3.31498608
0.36953142 7.95601832 2.21463212
0.95654571 7.94592842 2.40773707
0.31727702 9.07836114 1.79356069
0.60221703 10.88086971 3.10925322
0.49387917 10.09791303 2.58278609
0.64702422 8.44667681 3.22957131
0.04048925 8.38484044 3.01248654
0.28936714 9.04397212 2.42573582
0.92704313 9.40043616 3.03709306
0.69334792 9.25365354 2.76423581
0.48082177 8.6283588 2.37462628
0.45823406 8.99838275 1.85992775
0.05729922 9.26254081 1.67748698
0.91689109 8.840182 1.19658504
0.55477274 8.09411381 3.17999359
0.11056001 9.354992 3.13210484
0.20865574 9.9463331 4.4699259
0.65531768 8.2009247 2.04974317
0.732783 9.3211224 4.85989472
0.55326494 8.20653406 3.32861383
0.74388588 8.75505859 3.90117267
0.09550164 9.55625463 4.11900928
0.44559216 8.62357837 4.28136761
0.93986745 9.23909046 3.01177427
0.47496963 8.408555 2.5195233
0.24772004 9.62161187 3.17277558
0.86688725 9.67506017 3.98884072
0.08034099 9.61380808 3.96990707
0.97984545 10.40716302 3.72711939
0.83723393 8.86739656 3.60748589
0.61466302 8.06043612 3.77343624
0.1913626 8.89392298 3.49729154
0.1277638 9.47191831 2.12480012
0.30139657 10.09636763 2.11512127
0.90465433 8.84946006 3.42060557
0.98448972 9.50865846 1.54161713
0.48065831 7.7285255 2.47930867
0.67085893 8.6366972 3.13971164
0.48375231 9.09984509 3.7512602
0.29301108 9.33248644 1.90360869
0.24993293 8.94384211 3.65222934
0.94657894 8.40607309 2.35254416
0.68289148 8.35585733 1.80108403
0.74252536 9.02868955 4.29268172
0.90888563 7.89445295 2.36955632
0.43090067 8.33543134 3.59378511
0.51843482 8.44128204 1.18406521
0.49338533 8.55810567 2.63138395
0.53659502 7.905005 2.4703382
4.66675156e-03 8.39154648e+00 2.59963459e+00
0.79212439 8.35850983 3.72922267
0.09610466 9.04230096 2.07743647
0.80875013 8.98389279 2.62289126
0.01056017 8.63971929 4.06541467
0.79746707 9.32903794 2.53904457
0.7809566 9.36306201 4.3584342
0.16758708 9.4248015 3.7431933
0.16884986 9.88009731 2.69747665
0.88263153 9.25911258 3.3836717
0.0586221 8.89037809 2.5092027
0.11565099 10.27281592 3.50073095
0.4700906 8.18234748 2.98421074
0.08432572 8.73120253 3.44361103
0.26220346 10.10800744 2.89902953
0.90699869 8.73028801 2.72638929
0.06649132 9.58044377 1.93807006
0.58455705 9.18024979 3.53953476
0.05473021 9.3265352 2.90314369
0.79892266 7.6493957 2.16256222
0.55585571 8.87936273 3.11901551
7.54248199e-03 7.90512006e+00 2.90154755e+00
0.704639 9.75472314 3.97645774
0.41249103 9.00687872 3.39746174
0.91573182 8.59728196 3.43803099
0.91808789 9.4181218 3.16101351
0.45488458 8.46621946 3.5055729
0.06033472 10.53752912 1.83663466
0.80065825 7.50666403 2.67059925
0.37739945 8.16975061 3.0593265
0.28145747 10.47973111 4.26860228
0.90818134 7.47566234 2.95477004
0.52129242 8.63687148 3.43636426
0.44594653 10.64346233 2.041332
0.58204951 8.027306 3.61631834
0.96321841 8.91958967 2.4741536
0.65320082 8.87134655 2.54539911
0.82225168 8.57185517 2.63659404
0.42310091 9.16506818 3.11781366
0.13200095 9.7984216 3.20706543
0.16701451 9.07442485 2.24594457
0.07147219 8.49761218 3.0672813
0.3323347 9.12000937 2.21484485
0.75297053 8.94112594 4.0724167
0.51629723 8.7500224 3.21231882
0.42047513 9.68680964 3.66369981
0.2873563 8.0497973 2.06470758
0.28568804 9.02363128 2.57182976
0.87241109 9.17665256 2.29260105
0.44564157 8.37132409 3.47142834
0.05045175 9.75213623 3.46360021
0.83449921 8.51199761 2.99152515
0.19460537 7.93639569 3.10542545
0.8809374 9.99086241 2.47828463
0.84008057 9.4022444 2.27101357
0.77340616 9.93891521 3.40194152
0.8333513 9.69106275 2.37078283
0.81573198 8.32524203 1.88168743
0.23557433 8.18557246 3.21665003
0.48976953 8.73680808 1.91238402
0.63431891 9.76566139 2.82748046
0.59040893 8.43668642 3.34046204
0.40039942 8.7477959 2.90172655
0.6264974 8.80099178 3.81868699
0.31403935 10.46975132 2.14573942
0.66665968 8.30955504 2.75388184
0.0849498 8.37019013 3.08729563
0.71291739 9.33271921 3.86138794
0.52719165 9.4593742 4.72934989
0.42470734 10.52103971 2.50190574
0.50639337 8.35784348 2.58716515
0.6957131 8.25451844 3.88392797
0.89732667 10.24194829 1.21715866
0.77425596 9.81165519 2.64008559
0.31793167 10.352261 3.83815555
0.07695133 8.11922424 2.82197522
0.76412647 8.44865972 4.0654543
0.26880103 8.75520064 3.4823392
0.23959536 9.17406597 2.62778139
0.55380062 9.21487698 2.65341048
0.25629509 8.4943518 3.86590392
0.35966284 9.04001019 2.3244387
0.70452623 9.10991144 3.13570374
0.87475082 8.81461237 1.99980166
0.31711751 9.74906314 3.70253234
0.4615521 8.07360723 2.30147309
0.45728066 10.71906234 1.84682543
0.26316004 8.50756737 3.6298598
0.9435067 8.80157199 2.60697203
0.30184764 9.83656019 3.76694291
0.28531796 8.07233062 2.74550136
0.59289479 8.08664338 3.60448608
0.90140533 8.54094659 3.20123153
0.88679383 10.24524016 2.72497026
0.63103601 9.22468829 3.289887
0.72702622 9.54672388 3.0346797
0.70530884 9.6436893 3.8681522
0.45400942 9.16019791 3.50510496
0.21020308 9.0694937 3.61891519
0.41419903 8.86851837 2.84070206
0.10317604 9.30101275 2.03947977
0.44854439 9.12187648 3.95239205
0.74828963 8.46320016 4.27303184
0.5950179 9.781784 2.23873822
0.50753861 10.30405095 3.52888807
0.49891254 8.16992125 2.23168481
0.21531771 9.40034281 4.69783096
0.62421509 10.3227984 3.52116716
0.85320586 8.12502685 2.13446916
0.72647124 9.01534528 2.98603147
0.23005525 8.36035259 2.70590809
0.10766986 7.16735912 2.84860688
0.46393695 9.45545817 2.16146064
0.82834668 8.73123915 2.9199429
0.39304677 10.71262057 2.5106681
0.3650724 7.87935158 3.52071577
0.77145718 9.90483588 2.3706247
0.16112184 8.66867393 3.43249654
0.02457268 10.21169758 1.92641126
0.75225357 9.45464185 1.52473272
0.59912057 9.51885084 1.63973552
0.60702683 8.81220007 2.08336638
0.76796732 8.7508045 3.59340252
0.98623876 9.32870351 4.20666894
0.74922471 7.27985651 3.00706192
0.93179735 8.25317343 1.83215167
0.82229751 8.79295553 2.15813754
0.27903105 9.92348129 2.91427962
0.64506176 9.30175839 2.02834838
0.98962379 9.08036947 3.37514723
0.02820485 8.95799961 2.41587607
0.77503831 10.17639953 3.47059683
0.23625021 9.44352599 3.27479504
0.10231085 9.2247834 2.93501095
0.52692921 9.51223394 2.60490964
0.07871973 8.66680449 3.11725262
0.20737623 9.56206315 1.62483115
0.05846428 8.55447336 3.85846664
0.45797019 8.92622657 2.78311023
0.55636345 9.54742492 4.97149717
0.54923249 8.37279585 4.18908715
0.62311796 10.42172535 2.85407709
0.45705977 7.98778576 2.8036982
0.13875295 9.30984474 1.07353618
0.42854385 8.10883191 3.13443765
0.77057846 9.94141752 3.00895577
0.03401172 7.90488314 3.80772136
0.8302516 9.29288684 2.06172084
0.55626916 9.49152915 1.69923783
0.79939601 8.7110362 3.68572295
0.83975109 9.04083654 2.35218033
0.57905314 8.71497569 1.70439199
0.94538419 8.80988138 2.87995977
0.11943318 9.58567505 4.41017666
0.64038978 8.16747075 3.28034254
0.05047308 8.22519415 2.90852069
0.33868976 7.8641589 2.28574945
0.28982229 9.95263307 3.77084077
0.59919015 8.0439831 2.86820805
0.36351336 9.45101403 2.16622372
0.7263102 9.15779248 3.3092396
0.21822956 8.00996635 3.65745204
0.43057083 8.80024429 2.34144376
0.43465577 8.47234209 3.44270435
0.12938238 8.89472916 2.16079525
0.60197756 9.03424917 3.02062833
0.08010535 8.90336783 3.99859448
0.36333801 9.36634985 2.26116315
0.12424149 10.00486476 4.49641738
0.79033869 9.19319107 2.24631466
0.35528747 8.91560887 2.83560068
0.59624448 7.95610873 3.10862007
0.3012593 8.79690757 4.26421639
0.91208775 8.71793557 1.51945781
0.32526109 8.41659973 3.71960433
0.69185866 8.24025208 3.62300693
0.53846527 9.31510031 3.38793616
0.04947241 9.78152643 4.3189011
0.53396763 9.21710184 4.43816311
0.57395466 8.67971109 3.04596638
0.69915678 8.36707243 2.90152292
0.892039 9.01746897 2.30174005
0.72265711 8.01087077 2.51863049
0.87492635 8.97599291 2.39200926
0.70394678 9.09025137 2.28754603
0.07057655 9.25503868 3.1989264
0.26430615 8.9049813 1.4144918
0.14301076 8.34499204 3.54971624
0.29129487 9.07514716 4.53966016
0.47905944 9.75419156 3.9003795
0.27788607 9.01008214 2.88720378
0.96907187 8.87745703 4.5561593
0.84749473 8.44021506 2.98118281
0.48878065 9.49470315 2.18591931
0.24236564 8.2516706 1.85735359
0.90042419 8.40120411 3.96437036
0.00978648 7.89355321 3.9227174
0.17406144 8.89781289 4.59141274
0.2512549 7.70527852 3.79991965
0.71923243 8.69659943 4.28039652
0.61528512 7.9586322 3.9362186
0.2782771 7.7025358 3.09154793
0.57855056 8.51680452 4.36707225
0.89153538 8.54716605 3.73295136
0.08132785 8.1468797 3.88275444
0.83601705 8.44583944 4.07240743
0.55838158 7.68223563 3.48782397
0.20176827 7.75191083 3.19024374
0.31186594 9.11798228 4.26377464
0.99069073 8.39124788 3.97367976
0.09853265 8.25539721 4.1807056
0.49712478 8.24504911 2.97557958
0.89047218 8.1919783 3.87495835
0.78054346 7.39927638 3.42619167
0.8440802 7.88252695 3.59105475
1.37918840e-03 8.54436908e+00 4.59915148e+00
0.87864765 7.88337601 3.94109938
0.9792873 7.43073568 3.30258673
0.7807305 3.13454447 2.50618837
1.51709135e-03 5.32837026e+00 3.00506215e+00
0.54686365 4.53604344 2.25683731
0.36849219 5.57989554 3.19782466
0.68774841 4.29489547 2.3774472
0.79508973 2.66685763 4.80176793
1.16696749 2.76831748 3.15648063
0.22502114 3.70757202 3.89568307
0.2766789 3.42351212 3.95737983
0.86656108 4.34465834 4.74743525
0.0732024 3.62976993 2.94810286
0.20241347 2.82864095 4.17473634
0.62100748 4.29324945 5.18460242
0.09046881 4.36587688 3.6398409
0.28148098 3.32789599 3.02989315
1.1616878 4.06737808 4.57575604
0.54029123 4.1479556 5.24072491
0.30964793 3.74034669 4.45414457
0.47133163 2.56138233 3.77012086
0.82100899 3.65610007 4.02896163
0.69512981 4.09862692 3.6842224
1.14391243 3.40704467 4.88537199
0.83781617 3.55734229 5.47865135
0.07637171 5.76346754 3.2535611
0.49351969 3.43602517 5.69197107
0.74689296 4.32375181 4.45480629
0.38830226 4.68450141 3.68607646
0.25561751 5.08541792 3.52211312
1.26525014 4.52086472 3.56620111
0.22880279 3.55266384 4.54014611
0.31064365 4.74222472 4.06650778
0.1499371 3.8436014 3.42982683
0.16047419 3.88954787 3.8573594
0.02944324 5.0265199 4.90343268
0.20566748 3.79557417 3.54203954
0.20746753 4.19954899 5.10591331
0.00757535 4.50945861 3.86261687
0.8753117 3.64188227 3.66336153
0.03966872 3.4925769 4.34438759
0.35705736 3.03344948 4.4793614
1.31767117 4.67830211 3.22266679
3.12692806e-03 3.38759125e+00 5.10872361e+00
0.27513723 4.28671552 3.44885372
0.03911842 4.91454691 4.50927683
0.41230512 3.31481015 4.68979719
0.78620839 4.48218447 4.61435504
0.41644682 5.35554343 4.16313157
0.26979604 2.94207084 3.36711984
0.1491136 4.35909079 3.87890222
1.15817865 3.3168656 3.16905224
0.40957518 4.29433176 3.23956853
0.20450493 4.81025852 3.44366707
0.29936089 5.46567222 3.98728547
1.51055556 2.97315899 5.48829763
0.50758243 3.65879341 3.68043028
0.57066208 2.5636309 2.67128061
0.35263509 3.42741145 3.18439546
0.24432022 4.94893838 4.58458029
0.05762769 5.42075168 4.21059866
0.47314146 4.54677192 3.17596093
0.39038157 4.6693326 4.12213363
1.5268424 3.14984474 4.43080972
0.84204061 3.77981406 3.87645354
0.55136781 3.97606572 3.68840643
0.36434995 4.93496192 3.46026147
0.49686639 3.12942062 4.20423783
0.92688668 3.6768693 3.07673273
0.78393334 3.52365729 2.90412877
2.05435361 3.04274749 4.41005842
0.6484933 3.43288101 2.46654121
0.49387388 3.83946554 4.20382255
0.54327776 4.17225166 4.504346
0.89983082 5.23882363 4.88184232
0.16440513 3.85159841 4.62089748
0.23706852 4.28013027 3.21677884
0.57203027 5.51763077 3.97679557
0.83927517 4.96857769 3.35560048
0.5039202 5.09281609 3.83588052
0.63732548 4.20005526 2.35954069
1.19604071 4.53956216 4.01429708
0.58361209 5.00431767 5.28674023
0.45628698 3.93116927 3.90467137
0.56886351 3.14353739 4.38128582
0.51856087 5.12709621 3.90044236
1.30677988 3.90100215 4.0591379
0.66618711 3.94027701 4.10850347
1.15300696 3.56591146 3.38072075
0.42220034 2.27729294 3.09784651
0.89811735 2.70507741 3.93169254
0.86086475 4.15651486 4.12637264
0.93016025 4.74523397 4.88210578
0.55002109 5.33106447 3.51659852
0.4934674 3.30342477 3.57928062
1.01034261 3.51719758 4.25544164
0.6596078 4.18975377 2.21969706
0.86202422 3.38377427 4.8323362
0.37617003 4.1519727 3.0626515
0.75583444 4.36492641 4.06196526
1.08741564 4.80917564 4.05839924
1.25067129 2.85450087 5.23281431
0.79270623 4.96796072 3.5042484
0.05952837 3.45987623 3.09433676
0.58184728 5.57988933 3.4489878
0.13867697 3.63797691 3.00927233
0.60087784 4.00408618 2.98845911
0.2289841 3.59632883 4.19338133
0.27390374 3.01396469 2.93965821
1.32537083 4.1414128 3.37666826
1.26297176 3.20711772 4.56414757
0.68261078 3.90164168 2.44784904
0.56682801 4.42200383 4.01352664
0.48327082 4.41145459 4.39943675
1.0170238 4.2127294 5.76759174
1.16104246 2.88096787 4.05281458
0.94720718 4.49680105 3.29221574
0.31888652 3.83957627 4.81888915
1.24320153 3.66197655 5.36975852
0.7152002 3.77440846 4.46583693
0.48746775 3.17865911 3.50967179
0.46382695 3.06852019 5.09381017
0.075676 3.51452883 5.12682386
0.42046251 4.29028738 5.272958
0.24102136 3.87250418 4.42088578
0.44441386 3.01736049 3.73582462
0.79432608 3.932825 4.61062361
0.16796611 2.59109956 6.0758439
0.62189077 4.17222323 5.27840743
0.32388445 4.66810523 4.3790088
0.74056851 3.53016185 3.98868484
0.50396233 4.6896681 3.91502384
0.31179485 3.53510311 3.98218069
0.42440678 3.86261255 4.65377475
0.35860723 3.09378253 3.17069975
1.27792093 3.27692783 3.76642835
1.74593612 2.83639234 4.8711788
0.15208341 3.77111482 5.23424951
0.43911622 3.37226792 4.72503066
0.23914549 3.35510475 3.91170157
0.56344658 2.61215951 4.14463946
0.26450517 4.0332334 3.55742142
0.73959343 3.37808773 4.0655796
0.15289002 4.95010832 3.80669197
0.64214077 4.63292347 4.80619023
0.72579064 2.95290784 4.86871777
0.23379664 3.66119228 4.46700842
0.18622321 4.8239065 4.10473412
0.33477616 4.19240469 4.55156764
0.23999851 2.61985173 4.18574696
0.00978967 3.76828517 4.48892477
0.04282797 3.73764274 4.20368044
0.07436053 3.85590607 4.99369784
1.14894679 3.58364053 3.95898562
0.79757084 5.20414487 3.95049078
0.55449451 2.51508414 4.02280383
0.6491049 3.1921762 4.83946041
0.38968126 3.53529311 4.47076161
0.14271386 3.21568368 4.41921085
0.21251145 4.75087806 3.65395292
0.09872603 4.31858991 4.17482706
0.08077138 3.51995981 5.90184649
1.93078099 4.38915921 5.45321072
0.03415543 3.50560359 4.19669852
0.57080328 3.87985792 4.15037184
0.92057767 3.82118444 4.54235419
0.03559501 3.3005328 2.88202988
0.5524447 3.73457132 3.70065251
0.85820276 3.5149175 2.97913741
0.9011944 4.76708957 3.06258559
0.31382956 5.59895576 3.67130955
0.94725359 2.82393258 4.55853826
4.09062638e-04 5.50130530e+00 3.73113781e+00
0.06064797 3.30223881 4.69623961
0.19236898 4.31836611 3.52972938
0.6566103 4.77588846 4.49944064
0.57215557 3.51375232 3.93816556
0.73318261 3.76687229 2.58231649
0.45880364 4.9571278 4.17171934
0.55286059 4.31092042 3.31584124
0.6311295 4.30106047 5.12654206
0.37994624 2.97485238 4.91558781
0.36974456 4.81233684 4.848876
0.81177662 4.37734549 4.07135998
8.24538761e-04 4.78219643e+00 3.94652361e+00
0.96234673 3.51907752 6.22556009
0.02964243 3.85921236 3.88592669
0.62901711 4.13529218 3.73532379
0.08614774 4.07171295 4.42403746
0.71825391 3.53325054 4.31072527
0.3626506 2.78751254 4.15562928
0.61769774 4.23851426 2.70364714
0.47086989 5.17310695 5.28208012
1.27357659 3.61960322 3.37248319
0.01434889 5.39378107 4.64794506
0.84736456 2.77150064 3.70421419
0.24940763 4.21676439 3.99775625
0.64691117 4.32625733 4.13604183
0.29736458 3.98242512 2.99657415
0.06551298 3.31938007 6.22878169
0.66941691 3.47763103 4.57580207
0.44418236 3.30064292 4.090734
0.53723759 3.98034974 3.44394999
0.6097713 4.47389132 3.52050624
0.89111328 4.13472887 3.06995602
0.89956158 3.64636356 3.60308842
0.57527915 4.40995765 3.62613186
0.60028347 3.8822041 2.92497978
0.57432227 3.23571196 5.43998428
0.06765082 4.47082106 4.06307598
1.43042473 2.86304416 3.67452258
0.88122478 3.24667884 3.52221892
0.42126325 4.51008723 4.00112803
1.32581042 4.63478987 4.6125584
0.91098698 2.97886052 3.77775354
0.21130489 4.19595135 3.87905017
0.0171035 4.33327197 4.58217327
1.21349804 4.34241571 3.2058171
0.98063607 3.70070309 3.74267216
0.57714506 2.80251376 4.09170593
0.63779004 3.95613902 2.35731481
1.64104623 4.98405797 5.32745215
0.56071273 5.14708524 3.91304245
1.24037566 5.18224434 5.02512079
0.03183506 2.90733311 3.98275098
0.37530552 3.95767463 4.39183381
0.04480206 4.15186833 2.97665667
0.25082985 3.90997331 4.13954568
0.50335667 4.08127392 4.04494919
0.90789288 5.0932922 5.13097714
1.61041278 3.61416036 3.9215846
0.23671728 3.93441056 4.66251391
0.37144492 5.2213157 4.1517923
1.48758473 4.18233743 3.76815836
0.63333984 4.26470412 3.46530171
1.24353737 2.54622906 4.77210502
1.29640988 5.0713922 3.8458533
0.03001287 3.48953221 3.05155587
0.02860638 4.98068415 2.54894974
0.29268965 4.57653528 3.76519258
0.82530468 5.20066779 3.69491627
0.21788254 2.49480878 3.6232423
0.49093472 4.88779663 4.71260696
0.80322766 3.13199462 3.89210983
0.26817477 3.60303608 3.65125038
0.45362336 4.62627031 2.85958051
0.39623955 3.21338971 4.34996632
1.02045478e-03 3.28060472e+00 4.15308952e+00
0.50151864 4.60206609 5.29177412
0.58513334 3.34066718 5.12846771
0.79362242 4.8127387 4.25068426
0.52675739 2.82300136 3.07468601
0.39316883 2.58307585 5.27678399
0.1160855 4.33880647 3.68888724
0.94591695 2.84070348 4.80905849
0.62908957 4.18989809 4.07763941
1.52530918 4.63126171 4.27928775
1.20546877 4.41414519 4.01396661
0.55376087 3.68617761 4.33285145
0.34758814 4.30490089 3.95303233
0.99789052 4.14496877 2.76378242
0.77737774 3.30360928 4.01791134
0.39106346 3.63675169 3.88542927
0.31578857 4.11634809 3.276242
0.1758287 2.63256951 2.98161021
1.53921706 4.5650899 3.51612225
1.98014793 4.55857129 3.01794524
0.10335743 3.05364293 5.11511841
0.22903174 4.40194176 3.65971915
1.17957664 2.85940543 4.10860695
1.36478367 4.29405329 3.86024723
1.18787207 3.92845367 4.4121621
0.22981595 3.97340652 5.14742344
0.93232466 3.93259711 3.12754801
0.05359531 2.69865056 3.42662454
0.87620408 4.69874411 4.55412326
0.00574719 4.19384522 3.72727068
0.22246119 4.44697874 4.52059085
0.56726046 3.06575981 4.20090975
0.48295485 3.97817058 4.50321934
0.03306839 5.58894171 3.14255414
0.18061336 2.68955088 3.86400894
0.51397567 3.20758079 3.63240058
0.1190049 3.86596074 4.12957444
0.13208008 4.96428765 2.99029413
0.28552524 3.65918055 5.41444026
0.69779443 5.62458188 4.08157246
0.80753965 4.42800713 3.87696104
6.28411990e-04 4.23285325e+00 3.43669061e+00
0.32038022 4.71820377 5.6446593
0.12707657 4.38285484 2.75027376
0.87991202 3.27326686 4.32863557
1.1120707 4.40391107 4.0828422
0.94665377 2.66373555 3.31166761
0.95338899 3.81954993 3.71317209
0.05676588 3.5019237 3.68154741
0.10284588 3.23704961 3.82016626
0.31708623 4.60545639 3.85806822
0.80768838 4.89107736 4.1692367
0.63201288 3.16197738 5.13196194
0.25610082 3.36161506 4.05342855
0.2221287 3.70642249 5.00231625
0.71097562 4.32674724 3.52803893
0.53197969 4.81063611 3.83997454
0.93075118 4.0866339 3.91541647
0.67846903 3.04472219 4.22503801
1.80506406 4.2804722 4.42698276
0.55768434 3.55568644 4.61137143
0.59184416 5.08349033 3.98026855
1.07656746 3.96082519 1.99004098
0.06729329 4.32191787 3.41769691
0.02434411 4.87145507 4.20485641
0.00918111 3.90684148 4.57718995
0.39931712 3.67826725 5.56912557
0.2200614 4.99990687 5.00668773
0.307881 4.5889846 4.40616783
0.51252837 3.92220425 4.21559585
1.65894578e-03 3.46980384e+00 5.09153788e+00
0.42301465 4.54838185 3.33514542
0.62644821 4.94048334 3.0073349
0.20407359 4.10188058 5.02293017
0.01191611 3.16338622 3.22775624
0.33477252 4.36457087 4.38174293
0.42626938 2.26980864 3.25333747
0.55193069 3.26892865 3.25875532
0.24699265 3.92467727 4.49742953
0.20942635 3.80185597 2.92984246
0.45226829 4.30062986 3.05036456
0.43319156 3.99531389 3.97386913
0.39572231 3.90600528 3.86394775
0.67126258 4.20075348 4.33068849
0.65462234 3.51296871 3.29391587
1.12771436 2.56293522 3.4032796
0.04925921 4.33262072 4.29321777
0.20408657 4.00097419 5.23626935
0.25976469 3.99051734 3.81156104
0.36456187 3.62812882 3.72067453
0.53191059 3.48404656 2.53547948
0.30141339 5.10164611 3.94801275
0.07618143 4.68386732 3.65479926
0.23212458 4.58473712 4.14351546
2.27933636 4.73355072 5.28654241
0.68857813 4.52240189 3.28240443
0.40571601 3.18387274 3.67341538
0.72043602 4.90639125 4.54105074
0.34164437 2.95602641 3.45606477
0.27683338 4.355725 4.46895586
0.71939987 5.35909014 3.31459366
1.55385442 4.55083632 3.42386168
0.20965907 3.9946134 3.54895158
0.27331038 4.77098476 3.17018825
0.56335225 4.40811224 3.30862303
0.17736799 3.69743011 4.41609392
0.24743081 4.73215531 3.57959611
1.28741089 4.0743927 5.82443266
0.77754645 4.37813225 2.87677681
0.95977039 4.06894094 3.15586949
0.14726482 4.29287986 6.13754976
0.96095146 4.87969809 3.4412141
0.33645612 4.74927058 4.29674909
0.70830234 3.67846904 4.46689251
0.12671187 4.1755115 4.64571167
0.59683465 3.62411727 4.45377623
0.16156492 4.33574736 3.17851749
0.05684314 3.59574897 3.11575206
1.51567045 3.27091188 3.6799763
0.89876902 5.12092078 4.68247126
0.42069196 4.76450075 4.19860403
0.61757041 4.59557413 3.52060904
0.10402491 3.7075865 3.07315012
0.53810418 5.01418113 3.58471431
0.53056933 5.05736766 5.47108262
0.44486701 2.80786989 4.63504138
0.55888276 3.51100023 3.83248167
0.58542442 3.60209121 2.66194846
0.14060063 3.5451985 3.48339148
0.64597819 4.01045895 4.71073639
0.19711817 4.5906791 4.8069902
0.83882563 3.54410804 3.88361549
0.9716058 4.32315515 4.11384409
0.87885406 3.86806134 4.30602862
1.53411463 4.13371898 4.07757553
0.90708005 3.281569 3.90217647
0.22686985 4.5937344 4.26250001
0.39507347 5.09673412 4.50200482
0.669177 5.94679984 3.1243988
0.86326746 5.69773078 3.69321183
0.07222234 4.87421356 4.63345183
