0.96863872 8.50782229 1.83180087
0.83721107 7.50018644 3.03771599
0.71262045 7.88511838 1.64900312
0.49018861 7.64830603 2.15663397
0.70288114 8.03746226 2.18389149
0.65643828 8.60182592 0.58229388
0.8139845 6.95269346 2.77030877
0.3609389 10.38640029 3.94164426
0.59455777 8.97028776 3.11331554
0.60303746 9.04060131 2.55823388
0.33110089 9.76265641 3.57704704
0.12326773 8.3828392 4.06259988
0.144837 9.66896504 2.85165301
0.63144321 8.5343734 3.84886116
0.45008207 8.33590088 3.52072955
0.68819753 8.18981438 4.21040637
0.17999374 7.69026944 2.26227402
0.73357532 8.50394878 3.95324032
0.00923631 8.40088894 2.31175616
0.87314446 9.16425042 2.16101361
0.76589428 8.15235458 3.13344341
0.53816049 9.02184995 3.03360723
0.28512431 8.095135 1.92722029
0.06534366 9.75527806 3.97631487
0.3459986 8.40026348 3.24219054
0.1169254 9.97801686 3.22978268
0.13327892 8.89055478 3.25112775
0.76710049 8.17189026 2.11904923
0.24200725 8.44409489 4.36361939
0.9739314 8.55398636 2.70321554
0.38929067 9.60018693 2.44216856
0.52112955 9.6586081 1.53585061
0.27275146 10.10585652 2.42042034
0.58867144 9.56710268 3.77656328
0.38525092 7.86830606 2.33686681
0.65846957 8.83971273 2.77746739
0.75675543 9.29601151 1.96124613
0.5669679 11.18444203 3.12128658
0.29196039 8.17605988 3.13540701
0.32191903 9.93684551 2.2652764
0.55629909 9.80565264 4.43645914
0.1398386 8.79016295 3.59367392
0.70956329 7.93809238 3.78057894
0.91042214 9.20319524 1.14056612
0.83785906 9.80682448 3.94130938
0.41627804 8.55393578 2.28945895
0.33605516 8.50318973 2.55053735
0.61097157 7.97274673 3.2191465
0.01237706 9.65080365 3.07633408
0.53690901 10.18121295 2.93597137
0.59408513 9.51084757 4.23022065
0.41061812 9.94178385 2.87553729
0.05150152 10.22801431 2.76590645
0.17949694 9.52814695 2.22229439
0.08617189 10.04221464 2.78767267
0.43250443 11.28904025 3.54167435
0.36385861 9.71343775 2.35017293
0.49522655 9.01831424 2.13615945
0.09352886 8.96889315 1.72052875
0.73059102 9.09405861 3.85628229
0.04132003 7.7672346 3.65787908
0.06936532 10.71669707 3.66966346
0.05246561 9.3369604 4.11074815
0.42981628 9.43342904 3.80083908
0.86589204 8.93005452 4.61447619
0.32494224 8.56193095 2.99727962
0.1336856 9.34797865 3.29065649
0.08103356 8.59308707 2.67535605
0.18106054 7.9012716 3.98427094
0.76851195 9.54512962 2.92004125
0.20723868 9.11008583 1.73594333
0.45171202 8.45520241 3.51022488
0.3678833 9.96255943 2.73173367
0.5346926 9.54691649 3.48291014
0.58058388 8.46466046 2.4643631
0.59156955 9.32990422 3.44635732
0.4199723 9.42406844 1.11953011
0.59357573 10.41874776 3.21814038
0.29201589 8.6195267 3.34845274
0.3325491 7.04837965 2.82152413
0.43364012 8.42487312 2.90004837
0.14791044 9.25007843 1.77078348
0.08938814 10.14243134 2.64642555
0.35347925 9.50636643 3.615963
0.84048192 9.30172728 3.85258603
0.43454768 8.81232067 4.27031847
0.53268035 8.28457077 3.84959981
0.12216454 9.08068689 4.16863525
0.42717232 9.3475595 2.24297796
0.34432304 9.45380965 2.19401527
0.37624684 8.06863438 2.54006995
0.53932961 8.97825517 3.10755297
0.48557566 8.59694482 4.03587904
0.29701394 8.21171434 3.19383976
0.57000108 8.89583091 3.53517077
8.06991272e-04 8.71853728e+00 1.92561620e+00
0.56640075 9.5319368 2.89265538
0.48109489 10.06894861 3.49061017
0.43433652 7.62480185 3.11751829
0.77231309 10.32108014 3.55695374
0.81635708 9.3490185 2.7624019
0.59951274 8.8287895 3.66242575
0.79127793 8.93398316 2.44591132
0.98293844 8.31204172 2.37234008
0.43031473 10.31807419 1.97312872
0.76741705 8.81712897 3.4052479
0.71339107 9.01547046 3.05882137
0.5577348 8.5063794 2.96300996
0.08016662 10.25134567 3.36175673
0.84941166 10.84645191 3.04911544
0.1659348 7.46672108 2.51438915
0.30086542 10.21012414 3.36202079
0.13174538 8.16333254 2.55813466
0.69427901 10.86344155 3.20439646
0.255549 9.42826353 4.13143395
0.31286574 8.34816761 2.7634113
0.83831293 9.03570951 3.50487003
0.7997717 10.34453253 2.51474023
0.15185877 8.79360294 3.31833547
0.38380851 8.7997146 2.62584035
0.9125119 9.05509933 3.24225593
0.23062931 8.02262168 3.88451317
0.06300608 8.69445057 3.95494115
0.17478649 8.39532916 3.32876493
0.87885787 8.65604285 2.69558327
0.76762282 9.28278431 2.98204544
0.09476313 8.81640724 3.01169158
0.85540158 7.8998768 2.17430923
0.07140767 8.45066929 3.84072445
0.92488713 8.41012505 2.44046194
0.29259322 9.62637708 2.94074827
0.49355378 8.13982217 3.21180885
0.78012027 9.53562421 1.10218511
0.19284222 8.71642258 3.02781945
0.01330368 7.98935299 2.07779492
0.71342599 8.44774636 3.13374942
0.24264441 8.34027409 4.03482516
0.08330316 10.18954891 3.40620001
0.11914771 8.2146754 2.16329633
0.88277928 8.86973072 3.5849175
0.55262425 8.36379184 2.44854176
0.06160012 9.34736202 2.33138942
0.31293121 10.33449731 2.72744009
0.46970528 8.49044342 3.75902694
0.80266644 8.94689681 2.86825525
0.60291114 8.82012816 3.31498608
0.36953142 7.95601832 2.21463212
0.95654571 7.94592842 2.40773707
0.31727702 9.07836114 1.79356069
0.60221703 10.88086971 3.10925322
0.49387917 10.09791303 2.58278609
0.64702422 8.44667681 3.22957131
0.04048925 8.38484044 3.01248654
0.28936714 9.04397212 2.42573582
0.92704313 9.40043616 3.03709306
0.69334792 9.25365354 2.76423581
0.48082177 8.6283588 2.37462628
0.45823406 8.99838275 1.85992775
0.05729922 9.26254081 1.67748698
0.91689109 8.840182 1.19658504
0.55477274 8.09411381 3.17999359
0.11056001 9.354992 3.13210484
0.20865574 9.9463331 4.4699259
0.65531768 8.2009247 2.04974317
0.732783 9.3211224 4.85989472
0.55326494 8.20653406 3.32861383
0.74388588 8.75505859 3.90117267
0.09550164 9.55625463 4.11900928
0.44559216 8.62357837 4.28136761
0.93986745 9.23909046 3.01177427
0.47496963 8.408555 2.5195233
0.24772004 9.62161187 3.17277558
0.86688725 9.67506017 3.98884072
0.08034099 9.61380808 3.96990707
0.97984545 10.40716302 3.72711939
0.83723393 8.86739656 3.60748589
0.61466302 8.06043612 3.77343624
0.1913626 8.89392298 3.49729154
0.1277638 9.47191831 2.12480012
0.30139657 10.09636763 2.11512127
0.90465433 8.84946006 3.42060557
0.98448972 9.50865846 1.54161713
0.48065831 7.7285255 2.47930867
0.67085893 8.6366972 3.13971164
0.48375231 9.09984509 3.7512602
0.29301108 9.33248644 1.90360869
0.24993293 8.94384211 3.65222934
0.94657894 8.40607309 2.35254416
0.68289148 8.35585733 1.80108403
0.74252536 9.02868955 4.29268172
0.90888563 7.89445295 2.36955632
0.43090067 8.33543134 3.59378511
0.51843482 8.44128204 1.18406521
0.49338533 8.55810567 2.63138395
0.53659502 7.905005 2.4703382
4.66675156e-03 8.39154648e+00 2.59963459e+00
0.79212439 8.35850983 3.72922267
0.09610466 9.04230096 2.07743647
0.80875013 8.98389279 2.62289126
0.01056017 8.63971929 4.06541467
0.79746707 9.32903794 2.53904457
0.7809566 9.36306201 4.3584342
0.16758708 9.4248015 3.7431933
0.16884986 9.88009731 2.69747665
0.88263153 9.25911258 3.3836717
0.0586221 8.89037809 2.5092027
0.11565099 10.27281592 3.50073095
0.4700906 8.18234748 2.98421074
0.08432572 8.73120253 3.44361103
0.26220346 10.10800744 2.89902953
0.90699869 8.73028801 2.72638929
0.06649132 9.58044377 1.93807006
0.58455705 9.18024979 3.53953476
0.05473021 9.3265352 2.90314369
0.79892266 7.6493957 2.16256222
0.55585571 8.87936273 3.11901551
7.54248199e-03 7.90512006e+00 2.90154755e+00
0.704639 9.75472314 3.97645774
0.41249103 9.00687872 3.39746174
0.91573182 8.59728196 3.43803099
0.91808789 9.4181218 3.16101351
0.45488458 8.46621946 3.5055729
0.06033472 10.53752912 1.83663466
0.80065825 7.50666403 2.67059925
0.37739945 8.16975061 3.0593265
0.28145747 10.47973111 4.26860228
0.90818134 7.47566234 2.95477004
0.52129242 8.63687148 3.43636426
0.44594653 10.64346233 2.041332
0.58204951 8.027306 3.61631834
0.96321841 8.91958967 2.4741536
0.65320082 8.87134655 2.54539911
0.82225168 8.57185517 2.63659404
0.42310091 9.16506818 3.11781366
0.13200095 9.7984216 3.20706543
0.16701451 9.07442485 2.24594457
0.07147219 8.49761218 3.0672813
0.3323347 9.12000937 2.21484485
0.75297053 8.94112594 4.0724167
0.51629723 8.7500224 3.21231882
0.42047513 9.68680964 3.66369981
0.2873563 8.0497973 2.06470758
0.28568804 9.02363128 2.57182976
0.87241109 9.17665256 2.29260105
0.44564157 8.37132409 3.47142834
0.05045175 9.75213623 3.46360021
0.83449921 8.51199761 2.99152515
0.19460537 7.93639569 3.10542545
0.8809374 9.99086241 2.47828463
0.84008057 9.4022444 2.27101357
0.77340616 9.93891521 3.40194152
0.8333513 9.69106275 2.37078283
0.81573198 8.32524203 1.88168743
0.23557433 8.18557246 3.21665003
0.48976953 8.73680808 1.91238402
0.63431891 9.76566139 2.82748046
0.59040893 8.43668642 3.34046204
0.40039942 8.7477959 2.90172655
0.6264974 8.80099178 3.81868699
0.31403935 10.46975132 2.14573942
0.66665968 8.30955504 2.75388184
0.0849498 8.37019013 3.08729563
0.71291739 9.33271921 3.86138794
0.52719165 9.4593742 4.72934989
0.42470734 10.52103971 2.50190574
0.50639337 8.35784348 2.58716515
0.6957131 8.25451844 3.88392797
0.89732667 10.24194829 1.21715866
0.77425596 9.81165519 2.64008559
0.31793167 10.352261 3.83815555
0.07695133 8.11922424 2.82197522
0.76412647 8.44865972 4.0654543
0.26880103 8.75520064 3.4823392
0.23959536 9.17406597 2.62778139
0.55380062 9.21487698 2.65341048
0.25629509 8.4943518 3.86590392
0.35966284 9.04001019 2.3244387
0.70452623 9.10991144 3.13570374
0.87475082 8.81461237 1.99980166
0.31711751 9.74906314 3.70253234
0.4615521 8.07360723 2.30147309
0.45728066 10.71906234 1.84682543
0.26316004 8.50756737 3.6298598
0.9435067 8.80157199 2.60697203
0.30184764 9.83656019 3.76694291
0.28531796 8.07233062 2.74550136
0.59289479 8.08664338 3.60448608
0.90140533 8.54094659 3.20123153
0.88679383 10.24524016 2.72497026
0.63103601 9.22468829 3.289887
0.72702622 9.54672388 3.0346797
0.70530884 9.6436893 3.8681522
0.45400942 9.16019791 3.50510496
0.21020308 9.0694937 3.61891519
0.41419903 8.86851837 2.84070206
0.10317604 9.30101275 2.03947977
0.44854439 9.12187648 3.95239205
0.74828963 8.46320016 4.27303184
0.5950179 9.781784 2.23873822
0.50753861 10.30405095 3.52888807
0.49891254 8.16992125 2.23168481
0.21531771 9.40034281 4.69783096
0.62421509 10.3227984 3.52116716
0.85320586 8.12502685 2.13446916
0.72647124 9.01534528 2.98603147
0.23005525 8.36035259 2.70590809
0.10766986 7.16735912 2.84860688
0.46393695 9.45545817 2.16146064
0.82834668 8.73123915 2.9199429
0.39304677 10.71262057 2.5106681
0.3650724 7.87935158 3.52071577
0.77145718 9.90483588 2.3706247
0.16112184 8.66867393 3.43249654
0.02457268 10.21169758 1.92641126
0.75225357 9.45464185 1.52473272
0.59912057 9.51885084 1.63973552
0.60702683 8.81220007 2.08336638
0.76796732 8.7508045 3.59340252
0.98623876 9.32870351 4.20666894
0.74922471 7.27985651 3.00706192
0.93179735 8.25317343 1.83215167
0.82229751 8.79295553 2.15813754
0.27903105 9.92348129 2.91427962
0.64506176 9.30175839 2.02834838
0.98962379 9.08036947 3.37514723
0.02820485 8.95799961 2.41587607
0.77503831 10.17639953 3.47059683
0.23625021 9.44352599 3.27479504
0.10231085 9.2247834 2.93501095
0.52692921 9.51223394 2.60490964
0.07871973 8.66680449 3.11725262
0.20737623 9.56206315 1.62483115
0.05846428 8.55447336 3.85846664
0.45797019 8.92622657 2.78311023
0.55636345 9.54742492 4.97149717
0.54923249 8.37279585 4.18908715
0.62311796 10.42172535 2.85407709
0.45705977 7.98778576 2.8036982
0.13875295 9.30984474 1.07353618
0.42854385 8.10883191 3.13443765
0.77057846 9.94141752 3.00895577
0.03401172 7.90488314 3.80772136
0.8302516 9.29288684 2.06172084
0.55626916 9.49152915 1.69923783
0.79939601 8.7110362 3.68572295
0.83975109 9.04083654 2.35218033
0.57905314 8.71497569 1.70439199
0.94538419 8.80988138 2.87995977
0.11943318 9.58567505 4.41017666
0.64038978 8.16747075 3.28034254
0.05047308 8.22519415 2.90852069
0.33868976 7.8641589 2.28574945
0.28982229 9.95263307 3.77084077
0.59919015 8.0439831 2.86820805
0.36351336 9.45101403 2.16622372
0.7263102 9.15779248 3.3092396
0.21822956 8.00996635 3.65745204
0.43057083 8.80024429 2.34144376
0.43465577 8.47234209 3.44270435
0.12938238 8.89472916 2.16079525
0.60197756 9.03424917 3.02062833
0.08010535 8.90336783 3.99859448
0.36333801 9.36634985 2.26116315
0.12424149 10.00486476 4.49641738
0.79033869 9.19319107 2.24631466
0.35528747 8.91560887 2.83560068
0.59624448 7.95610873 3.10862007
0.3012593 8.79690757 4.26421639
0.91208775 8.71793557 1.51945781
0.32526109 8.41659973 3.71960433
0.69185866 8.24025208 3.62300693
0.53846527 9.31510031 3.38793616
0.04947241 9.78152643 4.3189011
0.53396763 9.21710184 4.43816311
0.57395466 8.67971109 3.04596638
0.69915678 8.36707243 2.90152292
0.892039 9.01746897 2.30174005
0.72265711 8.01087077 2.51863049
0.87492635 8.97599291 2.39200926
0.70394678 9.09025137 2.28754603
0.07057655 9.25503868 3.1989264
0.26430615 8.9049813 1.4144918
0.14301076 8.34499204 3.54971624
0.29129487 9.07514716 4.53966016
0.47905944 9.75419156 3.9003795
0.27788607 9.01008214 2.88720378
0.96907187 8.87745703 4.5561593
0.84749473 8.44021506 2.98118281
0.48878065 9.49470315 2.18591931
0.24236564 8.2516706 1.85735359
0.90042419 8.40120411 3.96437036
0.00978648 7.89355321 3.9227174
0.17406144 8.89781289 4.59141274
0.2512549 7.70527852 3.79991965
0.71923243 8.69659943 4.28039652
0.61528512 7.9586322 3.9362186
0.2782771 7.7025358 3.09154793
0.57855056 8.51680452 4.36707225
0.89153538 8.54716605 3.73295136
0.08132785 8.1468797 3.88275444
0.83601705 8.44583944 4.07240743
0.55838158 7.68223563 3.48782397
0.20176827 7.75191083 3.19024374
0.31186594 9.11798228 4.26377464
0.99069073 8.39124788 3.97367976
0.09853265 8.25539721 4.1807056
0.49712478 8.24504911 2.97557958
0.89047218 8.1919783 3.87495835
0.78054346 7.39927638 3.42619167
0.8440802 7.88252695 3.59105475
1.37918840e-03 8.54436908e+00 4.59915148e+00
0.87864765 7.88337601 3.94109938
0.9792873 7.43073568 3.30258673
0.57383972 -1.57972605 6.99326138
0.55717891 0.97385935 7.07011432
1.61942163 0.03233737 7.79151664
0.97964829 -0.79121116 5.61429156
0.57674793 0.64318796 6.25603413
0.09154365 -0.41166386 7.29666686
0.85724576 0.11865584 7.37776928
0.48342969 2.05153182 6.04363113
0.42848507 -0.95848521 7.71344116
0.87998931 0.39132927 6.04273001
0.0499826 0.1546732 6.95411036
0.3000589 0.12152715 8.41781129
0.75334026 -0.27425316 7.17209073
0.00863219 -0.58307237 6.51474846
0.23094686 0.48293275 7.81053808
0.38851933 -1.14246046 6.57342855
0.51157355 0.275843 5.85160138
0.73914915 -1.15684384 7.11566554
0.94829569 -0.71725611 8.41248933
0.33582189 -0.96035552 6.17880383
0.14390249 1.05767634 6.66310184
0.78073032 0.42121772 7.50527372
0.42195662 -0.15120739 6.03617144
0.91325226 0.46304865 6.79167011
0.0621844 0.10515036 7.29389148
0.32788403 0.87293808 7.89674144
0.55623151 1.82122243 6.41628246
0.67618151 0.38972695 6.42744709
0.38821111 0.3139711 7.93085247
0.66637197 -0.67949699 6.90265226
0.28088359 1.42910588 7.61974075
0.46041287 1.26611545 6.93907496
0.95376622 1.40209706 6.45045904
0.11204292 -0.93911871 7.52309717
0.19546673 2.30029224 7.33778408
0.99463825 -2.01551976 7.79149993
0.8593839 0.48255958 5.95652917
0.27772531 -0.0555725 7.19188232
0.16867784 0.06471953 7.13560179
0.19640414 -0.79213843 6.01952921
0.17426067 -0.92414293 6.79431281
0.08882439 0.329157 7.84467709
0.84025009 0.15108827 7.26052415
0.3138655 0.30821483 6.08417091
0.59775586 -1.31646948 6.97317465
0.34535129 0.15130163 7.93743058
0.02705697 0.13430734 8.24483305
0.54468973 -0.08578258 7.06352597
0.25285261 -0.07319086 6.43810252
0.90351841 0.60624604 8.45129955
0.90117271 1.21322311 8.01992219
0.83994813 0.03029093 6.969715
0.81772782 0.36665314 7.1211424
0.149073 -1.02097347 7.88236973
0.97766707 -0.5903601 8.02613735
0.30385714 -0.41423848 6.83204598
0.36714319 1.04276697 6.62577182
0.63651638 -0.13380421 7.97639527
0.54228516 0.1730889 7.09144811
0.0146266 0.84524982 6.79993768
0.41949697 0.4640219 5.70533451
0.95493164 0.86635704 7.20267035
0.56645532 0.30740071 5.98529043
0.23623543 -0.54341094 7.22900052
0.34073565 -0.65620228 7.9643584
0.4969974 -0.20775196 6.43980767
0.19907053 -1.13636043 7.3595552
0.94499831 -0.15443396 7.29719009
0.20999154 -0.23517961 7.68581907
0.23043215 -0.07970186 6.52168475
0.0876793 0.57048657 7.31585889
0.24424197 0.42244259 7.70007262
1.33697476 0.73951245 7.17954377
0.4639092 -0.54586741 7.74714861
0.77443806 -1.22048794 6.63642983
0.99284248 0.19056666 7.79481049
0.60527876 -0.36710677 6.84324112
0.10644179 -0.15030124 7.27057456
0.62899141 0.89890305 7.01919427
0.60333478 0.1905881 7.91019107
0.76578206 1.66272193 6.97374853
0.24028276 -0.3251508 7.44296391
8.62472470e-01 -1.40556060e-03 7.62151805e+00
0.20515619 0.62003498 6.57653727
0.57489718 0.4996724 6.5777345
0.16414819 -1.55152563 7.41262109
0.26154049 -0.40248543 5.71471923
0.37448674 -2.07898629 7.37561383
0.445369 -0.82840616 6.57187313
0.23748873 -1.21712461 6.45612037
0.81506033 0.93679077 7.03745711
0.18863781 0.46348128 6.88819998
0.77292704 -0.79098888 6.55774556
0.77283852 0.47091236 6.51115875
0.66307137 1.56207763 9.00866954
0.40022912 1.59300823 7.01573388
0.85167007 -1.64481647 8.32018841
0.07121784 -0.45215027 5.85611442
0.51054473 0.57677275 5.56062792
0.28429406 -0.61073942 6.13695501
0.39162573 1.05470407 8.17120007
0.57831091 0.86018392 7.63620564
0.53508967 0.98227382 6.68650813
0.08816594 -1.22629429 6.64021346
0.80641947 -0.02988322 6.63254266
0.79236217 -1.53351424 7.37921995
0.28290936 0.38995256 6.99631051
0.0202011 -0.79939579 7.0633789
0.95814479 -0.06178959 7.02071676
0.66723242 -0.13196156 7.14946572
0.60256594 -1.56196905 7.69310238
0.22301728 -0.98987457 7.80463203
0.44218374 1.17508298 7.18506827
0.86175352 0.43601587 6.16507429
0.82981424 0.20788766 6.41976144
0.06728552 -0.1005256 7.35370364
0.23687907 -0.16527197 7.09412701
0.62428303 -1.2002012 8.48094552
0.92323305 1.05493081 6.97291556
0.84770894 -0.5948248 6.81533809
0.99276522 0.41950186 7.85131347
0.36564793 -1.30611223 6.81073637
0.56539427 0.26864433 7.79046192
0.48026727 -1.10953408 7.39711962
0.30852642 1.02830228 6.84119511
0.87109941 0.07375079 6.56519465
0.29725136 0.26198747 7.0745636
0.58296725 1.24593799 8.02343132
0.9983107 0.83988292 7.60199954
0.37401311 -0.23926297 8.08292825
0.09126491 -0.63487252 6.51806607
0.77707525 -0.12626707 6.41289819
0.67684338 -0.53361727 7.52777825
0.11439623 -0.54904808 6.51259641
0.38409086 -0.78326942 8.19168898
0.00870541 -0.58240828 5.99653669
0.12098604 -1.61818044 6.80488461
0.48275132 0.63805074 6.97121396
0.43704984 0.40268561 8.19993426
0.5924204 -1.01957575 7.58719175
0.09159149 -0.29369822 6.38383524
0.73918422 0.74802912 7.98181725
0.73865076 1.16835559 6.41688771
0.26943002 0.60004988 7.98578201
0.35199525 -1.31125175 6.47698356
0.51878482 0.0587526 7.61148738
0.84555654 0.05007157 7.22180194
0.05470487 0.6707686 7.00781838
0.07893127 1.83628497 8.16449865
0.32992565 -0.58639647 8.7083053
0.25052817 0.74392157 7.05223258
0.93861613 1.10295295 5.75521807
0.01379692 -0.24171385 7.73630139
0.71082478 -0.62247466 6.80800449
0.68622022 -0.03088161 7.10923599
0.69937684 -0.09928875 6.39583113
0.71617089 0.78480021 8.08629734
0.81066147 1.19926394 8.82356791
0.70150764 0.65617798 8.37864257
0.6048349 0.31599911 5.96379851
0.03844357 0.40919143 6.58836607
0.27820897 -0.51205488 7.06133801
0.22395858 1.91411995 6.90445435
0.65080934 -0.45190187 7.36541855
0.9916506 0.15240862 7.26746633
0.69596015 -0.5822699 7.41842176
0.88625767 0.63080326 7.67115703
0.948971 -0.12732323 6.93396971
0.11529607 0.15386577 8.00924636
0.73716835 0.54791459 6.62364546
0.5859333 -0.67624424 6.25913485
0.8307193 0.11151145 8.55143201
0.09316826 -1.1616238 8.40752892
0.79943972 -0.28977916 6.76293443
0.52249949 -0.42481652 6.11889422
0.40163751 0.48509725 7.58906189
0.9816047 0.43596112 7.01802778
0.36814337 0.41379204 5.31819743
0.97936525 0.1454726 7.64560274
0.43074277 -1.08334322 7.61060078
0.08508214 -0.9477045 6.60405445
0.28860065 0.88970865 7.50689005
0.2939214 -1.17794251 7.56318885
0.28027409 0.14372949 6.5523633
0.67092502 -0.59421838 7.54209981
0.7603867 0.26504201 8.31496978
0.41764576 1.56418605 6.71984655
0.12413766 1.25980724 7.8374277
0.41343081 -0.1869755 6.66098879
0.41678989 0.10060059 6.33902792
0.83800831 -0.34752394 6.69268733
0.76013981 -0.20806018 7.45933684
0.88810657 1.35571581 7.26549819
0.2233829 -0.67312449 7.72995582
0.60109986 0.60868094 7.2461287
0.68110435 1.05032841 7.27771203
0.25400847 0.90850278 7.76231903
0.73984508 0.68141359 7.03906097
0.87491232 0.02466995 7.12424957
0.62446624 0.58603904 6.60422036
0.96786432 -0.49417683 7.69080886
0.34456988 -0.14261612 7.08280614
0.97227036 0.66098082 7.29044756
0.28555389 0.52224464 5.21804359
0.26272045 -0.79961242 7.59260983
0.16515909 -0.30006939 6.8263263
0.70608221 -0.12395423 8.25640626
0.08431251 0.86251426 7.62728693
0.98245634 -0.28633114 5.77437487
0.95049353 -0.50908871 6.68235888
0.82364564 -1.5007331 7.17670463
0.38947179 0.5795599 7.15087618
0.04105807 0.36270498 5.97282872
0.77892705 -1.93075516 5.50466984
0.97344824 1.4314963 7.25054025
0.6353784 0.79996864 5.8423947
0.60361378 -0.47465634 6.46984533
0.97470743 -0.98997957 8.09337038
0.71581499 0.26528043 7.0668285
0.45996487 -1.12755554 7.65742755
0.1224359 -1.31791082 6.69529179
1.69208331e-03 -3.54330520e-01 7.91651851e+00
0.2055728 -0.26462447 8.22214214
0.63468324 0.57143479 6.46646519
0.11084486 0.01176053 5.77024323
4.41131402e-03 -8.69367037e-02 6.20594549e+00
0.6696909 0.32362816 7.67171383
0.12069764 0.54585058 5.52113289
0.02115065 1.5100344 8.62059618
0.31856519 -1.14031867 6.67336989
0.40200666 -0.1726826 5.73817049
0.53137857 -0.09173449 5.3736431
0.38096384 0.0219642 7.09847363
0.10262149 -0.17874523 6.90491154
0.47577916 0.4936476 6.71032639
0.4912238 -1.04447285 7.61716282
0.76138926 0.51421617 4.99956742
0.69028868 -0.98282633 6.54926898
0.37094978 1.69846037 7.55158483
0.92899885 -0.21021518 6.37768054
0.31267372 -0.6220424 8.38942472
0.71452667 0.96942772 6.99356838
0.73181873 -0.16803033 6.53368454
0.06553668 0.5188151 6.23802011
0.22757391 -0.76433808 7.53593405
0.68865932 -1.43538686 6.3255699
0.91346605 -1.55416739 7.19336563
0.28997713 1.68406943 7.36896676
0.494565 -0.23863789 7.54783859
0.84907526 -0.47288752 8.73262256
0.96669149 -1.91284686 6.13837024
0.64404464 2.2383197 7.07164399
0.95009977 -0.23457471 6.5087877
0.31473685 0.39824402 6.04233248
0.1475667 1.16526027 7.18621195
0.77479925 0.1432975 7.59911382
0.36818251 1.7154649 7.02538663
9.69231590e-03 2.69364703e-03 6.01516557e+00
0.22730893 0.16950477 6.06948046
0.75085211 -0.05332278 8.73366948
0.65938787 -0.07526983 7.34046058
0.14070456 -0.92856908 5.16232112
0.08289882 -0.90350891 7.17892671
0.11105274 0.14956403 7.02308492
0.66683797 0.01918951 7.11857289
0.70180758 -0.12786556 6.97810126
0.46375968 -0.63417346 6.19841866
0.02922035 -0.80364728 7.53568783
0.41718274 -0.09327126 7.2982217
0.21794052 1.53605337 7.96497604
0.27740816 0.12810087 6.77114865
0.70176553 1.0233657 5.96514012
0.55745495 -0.61753542 7.53621664
0.57607921 1.57041212 7.2966797
0.5680813 -1.28233175 6.26412105
0.83757487 0.41281549 7.09618829
0.40232735 -0.33818347 6.6672359
0.12648655 0.1452683 6.50589314
0.10694181 -2.57086154 6.84512863
0.47619144 -0.89379526 7.17650744
0.90909879 -0.46858747 7.48755491
0.19409911 -1.0882271 7.27607965
0.44222266 -0.77836032 8.20110626
0.65952691 0.94351852 6.38510338
0.13173314 0.39378877 6.23722162
0.73081574 -0.03513967 6.91869388
0.75264906 0.25887253 5.67551909
0.98047352 -0.25012827 6.4125522
0.86055745 -0.52135815 7.42546947
0.86214057 -0.17732716 5.89590401
1.82228249e-05 -2.43962076e-01 8.09639916e+00
0.09190473 -0.32747227 8.2622413
0.03101855 0.29022049 7.63472602
0.3808817 0.70988108 7.78703039
0.26131406 0.37168931 7.97520062
0.13211872 0.74320341 7.78023837
0.04962752 -0.55740927 7.8065932
0.09958906 0.84198616 6.97272642
0.37480314 0.1905715 7.51603026
0.71281406 1.45019756 7.85931866
0.79680849 -0.42927524 6.69733556
0.44760261 0.05926638 7.36356655
0.74140903 0.40221595 6.12301021
0.76911491 0.3154465 8.4615097
0.87114145 0.82144579 7.01906752
0.01437976 0.02782738 7.66215894
0.88790388 0.17641379 6.77236825
0.73554267 0.37843379 5.62178841
0.81391984 0.42281597 7.88583995
0.21449793 -0.64430484 7.39491392
0.99485722 -0.36756536 7.01820773
0.47378022 0.26557001 7.71538071
1.40044509 -0.39840661 7.19863052
0.9673026 -0.61166963 7.81328967
0.43812332 0.64675983 6.07305322
0.01125008 -0.55959288 8.21878227
0.66774737 0.5758457 6.51397811
0.5568899 1.52831297 6.67730414
0.10593027 -0.07452548 6.41374369
0.95172123 -0.19416408 7.6746044
0.28636747 -0.36389356 6.63604438
0.51611506 0.83183358 5.99548181
0.41507362 0.94730798 5.78426681
0.06936075 -1.11453033 8.22539165
0.88117758 -0.63560585 5.22786121
0.077134 -0.45426948 7.03640151
0.73768074 0.1142505 6.5237775
0.28280556 -0.14805631 6.35199921
0.64981253 0.99093416 5.54035331
0.93387304 -1.17705744 7.74298115
0.83584827 0.3019776 5.45634958
8.65875237e-01 -1.31194415e-03 6.53637077e+00
0.17753453 0.20279702 7.591312
0.88080802 0.64247455 7.82457753
0.47965915 0.43393131 6.7256881
0.34669832 0.03155422 7.26346281
0.54124841 1.01020579 5.96473867
0.06724826 -0.83990445 6.87757308
0.01092249 -0.27101809 6.99431533
0.36925464 1.09203129 7.08049085
0.54914557 -0.06839083 5.57705537
0.73371658 0.18765304 6.2317121
0.58045696 -0.4159684 8.11416235
0.10906962 -0.59826122 6.57986266
0.76400888 0.62494673 7.34971088
4.74645510e-03 4.40706010e-01 7.68732821e+00
0.53795539 0.40210482 7.00297073
0.62803071 -1.06302066 6.71824912
0.76899284 -0.13257391 6.46855436
0.32285702 -0.15737622 6.44698784
0.52822535 -0.59720024 6.29409538
0.62356441 -0.89165985 5.12827341
0.9983879 -2.43830488 6.92049986
0.55321152 0.37908008 7.88558921
0.82069892 1.38683686 6.92914261
0.57685544 0.22240048 7.11601916
0.83002662 -1.41710846 6.87582957
0.01887067 1.0141971 7.44306393
0.84655237 0.56838955 7.17236791
0.4381132 -0.93672805 6.73554759
0.16359318 0.08548314 7.72310225
0.00690078 0.25111799 6.6418313
0.83032245 -1.03421678 5.46001138
0.98529983 0.03488338 7.97505821
0.79915366 0.42648887 6.7642932
0.69657512 0.30042869 7.63276834
0.55393321 -0.83648598 6.58795265
0.02926432 -0.07338403 7.76450436
0.93620952 0.38991209 6.78322967
0.96481918 0.95716266 7.09102908
0.10844135 0.50136886 8.1601316
0.99654676 -1.33444106 7.25721479
0.95256699 -1.25543829 7.75835456
0.18474833 0.51594781 7.95776328
0.40864142 0.45411868 7.99509251
0.53888394 -0.71108967 6.42958523
0.55679774 -0.18607273 7.38218097
0.18691511 -0.78192338 6.60011297
0.7697192 0.83292039 7.21707709
0.4134954 0.01244719 6.49035594
0.73904702 1.35725139 7.11859777
0.4965219 -0.52361183 7.4206258
0.06784851 -0.38559455 6.69240498
0.11785654 -0.40774813 7.70265075
0.06376477 -0.64016332 5.12496464
0.70963493 -1.23357209 7.79355563
0.51695294 0.64196818 7.19829879
0.90007445 1.67722791 7.28338772
0.14882971 -0.04767374 5.85301098
0.73580863 -0.56161281 4.54592245
0.51369376 0.69371628 5.89116485
0.74065919 0.15347493 7.44370454
0.29705881 0.91122972 7.33543886
0.98471474 -0.30985872 6.52065483
0.32099624 -0.47353219 6.91884035
0.89448596 0.6196776 6.59637764
0.11856352 0.37916859 7.16607296
0.31694098 0.88143288 7.94380161
0.90936403 0.69807075 6.77524937
0.14612102 -0.11931575 6.79548795
