0.96863872 8.50782229 1.83180087
0.83721107 7.50018644 3.03771599
0.71262045 7.88511838 1.64900312
0.49018861 7.64830603 2.15663397
0.70288114 8.03746226 2.18389149
0.65643828 8.60182592 0.58229388
0.8139845 6.95269346 2.77030877
0.3609389 10.38640029 3.94164426
0.59455777 8.97028776 3.11331554
0.60303746 9.04060131 2.55823388
0.33110089 9.76265641 3.57704704
0.12326773 8.3828392 4.06259988
0.144837 9.66896504 2.85165301
0.63144321 8.5343734 3.84886116
0.45008207 8.33590088 3.52072955
0.68819753 8.18981438 4.21040637
0.17999374 7.69026944 2.26227402
0.73357532 8.50394878 3.95324032
0.00923631 8.40088894 2.31175616
0.87314446 9.16425042 2.16101361
0.76589428 8.15235458 3.13344341
0.53816049 9.02184995 3.03360723
0.28512431 8.095135 1.92722029
0.06534366 9.75527806 3.97631487
0.3459986 8.40026348 3.24219054
0.1169254 9.97801686 3.22978268
0.13327892 8.89055478 3.25112775
0.76710049 8.17189026 2.11904923
0.24200725 8.44409489 4.36361939
0.9739314 8.55398636 2.70321554
0.38929067 9.60018693 2.44216856
0.52112955 9.6586081 1.53585061
0.27275146 10.10585652 2.42042034
0.58867144 9.56710268 3.77656328
0.38525092 7.86830606 2.33686681
0.65846957 8.83971273 2.77746739
0.75675543 9.29601151 1.96124613
0.5669679 11.18444203 3.12128658
0.29196039 8.17605988 3.13540701
0.32191903 9.93684551 2.2652764
0.55629909 9.80565264 4.43645914
0.1398386 8.79016295 3.59367392
0.70956329 7.93809238 3.78057894
0.91042214 9.20319524 1.14056612
0.83785906 9.80682448 3.94130938
0.41627804 8.55393578 2.28945895
0.33605516 8.50318973 2.55053735
0.61097157 7.97274673 3.2191465
0.01237706 9.65080365 3.07633408
0.53690901 10.18121295 2.93597137
0.59408513 9.51084757 4.23022065
0.41061812 9.94178385 2.87553729
0.05150152 10.22801431 2.76590645
0.17949694 9.52814695 2.22229439
0.08617189 10.04221464 2.78767267
0.43250443 11.28904025 3.54167435
0.36385861 9.71343775 2.35017293
0.49522655 9.01831424 2.13615945
0.09352886 8.96889315 1.72052875
0.73059102 9.09405861 3.85628229
0.04132003 7.7672346 3.65787908
0.06936532 10.71669707 3.66966346
0.05246561 9.3369604 4.11074815
0.42981628 9.43342904 3.80083908
0.86589204 8.93005452 4.61447619
0.32494224 8.56193095 2.99727962
0.1336856 9.34797865 3.29065649
0.08103356 8.59308707 2.67535605
0.18106054 7.9012716 3.98427094
0.76851195 9.54512962 2.92004125
0.20723868 9.11008583 1.73594333
0.45171202 8.45520241 3.51022488
0.3678833 9.96255943 2.73173367
0.5346926 9.54691649 3.48291014
0.58058388 8.46466046 2.4643631
0.59156955 9.32990422 3.44635732
0.4199723 9.42406844 1.11953011
0.59357573 10.41874776 3.21814038
0.29201589 8.6195267 3.34845274
0.3325491 7.04837965 2.82152413
0.43364012 8.42487312 2.90004837
0.14791044 9.25007843 1.77078348
0.08938814 10.14243134 2.64642555
0.35347925 9.50636643 3.615963
0.84048192 9.30172728 3.85258603
0.43454768 8.81232067 4.27031847
0.53268035 8.28457077 3.84959981
0.12216454 9.08068689 4.16863525
0.42717232 9.3475595 2.24297796
0.34432304 9.45380965 2.19401527
0.37624684 8.06863438 2.54006995
0.53932961 8.97825517 3.10755297
0.48557566 8.59694482 4.03587904
0.29701394 8.21171434 3.19383976
0.57000108 8.89583091 3.53517077
8.06991272e-04 8.71853728e+00 1.92561620e+00
0.56640075 9.5319368 2.89265538
0.48109489 10.06894861 3.49061017
0.43433652 7.62480185 3.11751829
0.77231309 10.32108014 3.55695374
0.81635708 9.3490185 2.7624019
0.59951274 8.8287895 3.66242575
0.79127793 8.93398316 2.44591132
0.98293844 8.31204172 2.37234008
0.43031473 10.31807419 1.97312872
0.76741705 8.81712897 3.4052479
0.71339107 9.01547046 3.05882137
0.5577348 8.5063794 2.96300996
0.08016662 10.25134567 3.36175673
0.84941166 10.84645191 3.04911544
0.1659348 7.46672108 2.51438915
0.30086542 10.21012414 3.36202079
0.13174538 8.16333254 2.55813466
0.69427901 10.86344155 3.20439646
0.255549 9.42826353 4.13143395
0.31286574 8.34816761 2.7634113
0.83831293 9.03570951 3.50487003
0.7997717 10.34453253 2.51474023
0.15185877 8.79360294 3.31833547
0.38380851 8.7997146 2.62584035
0.9125119 9.05509933 3.24225593
0.23062931 8.02262168 3.88451317
0.06300608 8.69445057 3.95494115
0.17478649 8.39532916 3.32876493
0.87885787 8.65604285 2.69558327
0.76762282 9.28278431 2.98204544
0.09476313 8.81640724 3.01169158
0.85540158 7.8998768 2.17430923
0.07140767 8.45066929 3.84072445
0.92488713 8.41012505 2.44046194
0.29259322 9.62637708 2.94074827
0.49355378 8.13982217 3.21180885
0.78012027 9.53562421 1.10218511
0.19284222 8.71642258 3.02781945
0.01330368 7.98935299 2.07779492
0.71342599 8.44774636 3.13374942
0.24264441 8.34027409 4.03482516
0.08330316 10.18954891 3.40620001
0.11914771 8.2146754 2.16329633
0.88277928 8.86973072 3.5849175
0.55262425 8.36379184 2.44854176
0.06160012 9.34736202 2.33138942
0.31293121 10.33449731 2.72744009
0.46970528 8.49044342 3.75902694
0.80266644 8.94689681 2.86825525
0.60291114 8.82012816 3.31498608
0.36953142 7.95601832 2.21463212
0.95654571 7.94592842 2.40773707
0.31727702 9.07836114 1.79356069
0.60221703 10.88086971 3.10925322
0.49387917 10.09791303 2.58278609
0.64702422 8.44667681 3.22957131
0.04048925 8.38484044 3.01248654
0.28936714 9.04397212 2.42573582
0.92704313 9.40043616 3.03709306
0.69334792 9.25365354 2.76423581
0.48082177 8.6283588 2.37462628
0.45823406 8.99838275 1.85992775
0.05729922 9.26254081 1.67748698
0.91689109 8.840182 1.19658504
0.55477274 8.09411381 3.17999359
0.11056001 9.354992 3.13210484
0.20865574 9.9463331 4.4699259
0.65531768 8.2009247 2.04974317
0.732783 9.3211224 4.85989472
0.55326494 8.20653406 3.32861383
0.74388588 8.75505859 3.90117267
0.09550164 9.55625463 4.11900928
0.44559216 8.62357837 4.28136761
0.93986745 9.23909046 3.01177427
0.47496963 8.408555 2.5195233
0.24772004 9.62161187 3.17277558
0.86688725 9.67506017 3.98884072
0.08034099 9.61380808 3.96990707
0.97984545 10.40716302 3.72711939
0.83723393 8.86739656 3.60748589
0.61466302 8.06043612 3.77343624
0.1913626 8.89392298 3.49729154
0.1277638 9.47191831 2.12480012
0.30139657 10.09636763 2.11512127
0.90465433 8.84946006 3.42060557
0.98448972 9.50865846 1.54161713
0.48065831 7.7285255 2.47930867
0.67085893 8.6366972 3.13971164
0.48375231 9.09984509 3.7512602
0.29301108 9.33248644 1.90360869
0.24993293 8.94384211 3.65222934
0.94657894 8.40607309 2.35254416
0.68289148 8.35585733 1.80108403
0.74252536 9.02868955 4.29268172
0.90888563 7.89445295 2.36955632
0.43090067 8.33543134 3.59378511
0.51843482 8.44128204 1.18406521
0.49338533 8.55810567 2.63138395
0.53659502 7.905005 2.4703382
4.66675156e-03 8.39154648e+00 2.59963459e+00
0.79212439 8.35850983 3.72922267
0.09610466 9.04230096 2.07743647
0.80875013 8.98389279 2.62289126
0.01056017 8.63971929 4.06541467
0.79746707 9.32903794 2.53904457
0.7809566 9.36306201 4.3584342
0.16758708 9.4248015 3.7431933
0.16884986 9.88009731 2.69747665
0.88263153 9.25911258 3.3836717
0.0586221 8.89037809 2.5092027
0.11565099 10.27281592 3.50073095
0.4700906 8.18234748 2.98421074
0.08432572 8.73120253 3.44361103
0.26220346 10.10800744 2.89902953
0.90699869 8.73028801 2.72638929
0.06649132 9.58044377 1.93807006
0.58455705 9.18024979 3.53953476
0.05473021 9.3265352 2.90314369
0.79892266 7.6493957 2.16256222
0.55585571 8.87936273 3.11901551
7.54248199e-03 7.90512006e+00 2.90154755e+00
0.704639 9.75472314 3.97645774
0.41249103 9.00687872 3.39746174
0.91573182 8.59728196 3.43803099
0.91808789 9.4181218 3.16101351
0.45488458 8.46621946 3.5055729
0.06033472 10.53752912 1.83663466
0.80065825 7.50666403 2.67059925
0.37739945 8.16975061 3.0593265
0.28145747 10.47973111 4.26860228
0.90818134 7.47566234 2.95477004
0.52129242 8.63687148 3.43636426
0.44594653 10.64346233 2.041332
0.58204951 8.027306 3.61631834
0.96321841 8.91958967 2.4741536
0.65320082 8.87134655 2.54539911
0.82225168 8.57185517 2.63659404
0.42310091 9.16506818 3.11781366
0.13200095 9.7984216 3.20706543
0.16701451 9.07442485 2.24594457
0.07147219 8.49761218 3.0672813
0.3323347 9.12000937 2.21484485
0.75297053 8.94112594 4.0724167
0.51629723 8.7500224 3.21231882
0.42047513 9.68680964 3.66369981
0.2873563 8.0497973 2.06470758
0.28568804 9.02363128 2.57182976
0.87241109 9.17665256 2.29260105
0.44564157 8.37132409 3.47142834
0.05045175 9.75213623 3.46360021
0.83449921 8.51199761 2.99152515
0.19460537 7.93639569 3.10542545
0.8809374 9.99086241 2.47828463
0.84008057 9.4022444 2.27101357
0.77340616 9.93891521 3.40194152
0.8333513 9.69106275 2.37078283
0.81573198 8.32524203 1.88168743
0.23557433 8.18557246 3.21665003
0.48976953 8.73680808 1.91238402
0.63431891 9.76566139 2.82748046
0.59040893 8.43668642 3.34046204
0.40039942 8.7477959 2.90172655
0.6264974 8.80099178 3.81868699
0.31403935 10.46975132 2.14573942
0.66665968 8.30955504 2.75388184
0.0849498 8.37019013 3.08729563
0.71291739 9.33271921 3.86138794
0.52719165 9.4593742 4.72934989
0.42470734 10.52103971 2.50190574
0.50639337 8.35784348 2.58716515
0.6957131 8.25451844 3.88392797
0.89732667 10.24194829 1.21715866
0.77425596 9.81165519 2.64008559
0.31793167 10.352261 3.83815555
0.07695133 8.11922424 2.82197522
0.76412647 8.44865972 4.0654543
0.26880103 8.75520064 3.4823392
0.23959536 9.17406597 2.62778139
0.55380062 9.21487698 2.65341048
0.25629509 8.4943518 3.86590392
0.35966284 9.04001019 2.3244387
0.70452623 9.10991144 3.13570374
0.87475082 8.81461237 1.99980166
0.31711751 9.74906314 3.70253234
0.4615521 8.07360723 2.30147309
0.45728066 10.71906234 1.84682543
0.26316004 8.50756737 3.6298598
0.9435067 8.80157199 2.60697203
0.30184764 9.83656019 3.76694291
0.28531796 8.07233062 2.74550136
0.59289479 8.08664338 3.60448608
0.90140533 8.54094659 3.20123153
0.88679383 10.24524016 2.72497026
0.63103601 9.22468829 3.289887
0.72702622 9.54672388 3.0346797
0.70530884 9.6436893 3.8681522
0.45400942 9.16019791 3.50510496
0.21020308 9.0694937 3.61891519
0.41419903 8.86851837 2.84070206
0.10317604 9.30101275 2.03947977
0.44854439 9.12187648 3.95239205
0.74828963 8.46320016 4.27303184
0.5950179 9.781784 2.23873822
0.50753861 10.30405095 3.52888807
0.49891254 8.16992125 2.23168481
0.21531771 9.40034281 4.69783096
0.62421509 10.3227984 3.52116716
0.85320586 8.12502685 2.13446916
0.72647124 9.01534528 2.98603147
0.23005525 8.36035259 2.70590809
0.10766986 7.16735912 2.84860688
0.46393695 9.45545817 2.16146064
0.82834668 8.73123915 2.9199429
0.39304677 10.71262057 2.5106681
0.3650724 7.87935158 3.52071577
0.77145718 9.90483588 2.3706247
0.16112184 8.66867393 3.43249654
0.02457268 10.21169758 1.92641126
0.75225357 9.45464185 1.52473272
0.59912057 9.51885084 1.63973552
0.60702683 8.81220007 2.08336638
0.76796732 8.7508045 3.59340252
0.98623876 9.32870351 4.20666894
0.74922471 7.27985651 3.00706192
0.93179735 8.25317343 1.83215167
0.82229751 8.79295553 2.15813754
0.27903105 9.92348129 2.91427962
0.64506176 9.30175839 2.02834838
0.98962379 9.08036947 3.37514723
0.02820485 8.95799961 2.41587607
0.77503831 10.17639953 3.47059683
0.23625021 9.44352599 3.27479504
0.10231085 9.2247834 2.93501095
0.52692921 9.51223394 2.60490964
0.07871973 8.66680449 3.11725262
0.20737623 9.56206315 1.62483115
0.05846428 8.55447336 3.85846664
0.45797019 8.92622657 2.78311023
0.55636345 9.54742492 4.97149717
0.54923249 8.37279585 4.18908715
0.62311796 10.42172535 2.85407709
0.45705977 7.98778576 2.8036982
0.13875295 9.30984474 1.07353618
0.42854385 8.10883191 3.13443765
0.77057846 9.94141752 3.00895577
0.03401172 7.90488314 3.80772136
0.8302516 9.29288684 2.06172084
0.55626916 9.49152915 1.69923783
0.79939601 8.7110362 3.68572295
0.83975109 9.04083654 2.35218033
0.57905314 8.71497569 1.70439199
0.94538419 8.80988138 2.87995977
0.11943318 9.58567505 4.41017666
0.64038978 8.16747075 3.28034254
0.05047308 8.22519415 2.90852069
0.33868976 7.8641589 2.28574945
0.28982229 9.95263307 3.77084077
0.59919015 8.0439831 2.86820805
0.36351336 9.45101403 2.16622372
0.7263102 9.15779248 3.3092396
0.21822956 8.00996635 3.65745204
0.43057083 8.80024429 2.34144376
0.43465577 8.47234209 3.44270435
0.12938238 8.89472916 2.16079525
0.60197756 9.03424917 3.02062833
0.08010535 8.90336783 3.99859448
0.36333801 9.36634985 2.26116315
0.12424149 10.00486476 4.49641738
0.79033869 9.19319107 2.24631466
0.35528747 8.91560887 2.83560068
0.59624448 7.95610873 3.10862007
0.3012593 8.79690757 4.26421639
0.91208775 8.71793557 1.51945781
0.32526109 8.41659973 3.71960433
0.69185866 8.24025208 3.62300693
0.53846527 9.31510031 3.38793616
0.04947241 9.78152643 4.3189011
0.53396763 9.21710184 4.43816311
0.57395466 8.67971109 3.04596638
0.69915678 8.36707243 2.90152292
0.892039 9.01746897 2.30174005
0.72265711 8.01087077 2.51863049
0.87492635 8.97599291 2.39200926
0.70394678 9.09025137 2.28754603
0.07057655 9.25503868 3.1989264
0.26430615 8.9049813 1.4144918
0.14301076 8.34499204 3.54971624
0.29129487 9.07514716 4.53966016
0.47905944 9.75419156 3.9003795
0.27788607 9.01008214 2.88720378
0.96907187 8.87745703 4.5561593
0.84749473 8.44021506 2.98118281
0.48878065 9.49470315 2.18591931
0.24236564 8.2516706 1.85735359
0.90042419 8.40120411 3.96437036
0.00978648 7.89355321 3.9227174
0.17406144 8.89781289 4.59141274
0.2512549 7.70527852 3.79991965
0.71923243 8.69659943 4.28039652
0.61528512 7.9586322 3.9362186
0.2782771 7.7025358 3.09154793
0.57855056 8.51680452 4.36707225
0.89153538 8.54716605 3.73295136
0.08132785 8.1468797 3.88275444
0.83601705 8.44583944 4.07240743
0.55838158 7.68223563 3.48782397
0.20176827 7.75191083 3.19024374
0.31186594 9.11798228 4.26377464
0.99069073 8.39124788 3.97367976
0.09853265 8.25539721 4.1807056
0.49712478 8.24504911 2.97557958
0.89047218 8.1919783 3.87495835
0.78054346 7.39927638 3.42619167
0.8440802 7.88252695 3.59105475
1.37918840e-03 8.54436908e+00 4.59915148e+00
0.87864765 7.88337601 3.94109938
0.9792873 7.43073568 3.30258673
0.33286754 6.89003547 4.46070487
0.1707542 6.50563897 3.80929163
0.14209175 7.79989446 4.60893717
0.54998409 7.97892382 4.74088805
0.23270525 7.58914897 4.06329848
0.54345011 7.28058587 3.78898576
0.86455268 7.65626454 3.94987415
0.01663335 8.07909668 5.17135307
0.97796968 7.04485902 3.37566216
0.15024106 7.93755234 4.77979274
0.38976781 8.48266382 4.59284198
0.82395417 7.70790852 3.98543231
0.29327306 8.91593743 5.43261518
0.5721234 6.64871749 4.09282605
0.79626283 8.37549117 4.54250695
0.32708888 7.38344572 3.79021797
0.30329351 5.6698283 4.23775049
0.01655211 6.56111494 4.6289
0.30914684 5.56344597 4.76553732
0.6459103 6.11256514 4.7311458
0.04817776 5.94873828 3.31257431
0.67423191 4.88340579 6.41620127
0.78666971 5.85998816 4.41486119
0.81005944 4.97478077 6.11872977
0.01981436 5.47696295 5.45572477
0.73292641 6.06552837 3.99056507
0.90546826 6.3985539 4.39829503
0.6825785 5.87521871 4.00399722
0.65878397 5.61131625 5.59157258
0.19710033 5.58929125 4.52049097
0.2803837 4.86732062 6.31463078
0.01756147 5.59632012 4.69488562
0.09741583 5.96073962 3.61949844
0.46692642 6.3965294 3.79275539
0.86259947 6.42852407 6.64618359
0.7056774 6.23342614 4.67071523
0.59308435 7.25720321 4.64095729
0.49153869 7.82695018 4.96107306
0.73375571 7.48279176 5.31848881
0.70363091 5.09169825 5.97125982
0.93046781 6.32146094 3.13573394
0.52649909 6.54537742 5.60017658
0.73818289 7.68415351 5.24082523
0.70083531 6.73785302 4.29387882
0.28624187 7.18926565 6.62620256
0.20803616 7.94080992 4.68681946
0.21892801 8.02875521 4.40170071
0.39949364 7.23573708 6.5565881
0.92159342 6.60658614 6.19369534
0.24890607 7.02136192 4.96692208
0.76408322 6.761118 5.41196455
0.88676704 6.1918276 4.12142922
0.77906542 7.08885294 5.20996525
0.93517304 6.60309961 5.62635473
0.36513788 7.34614639 5.73810563
0.16591977 7.12936262 5.41399406
0.01957105 7.12701124 5.06955471
0.61500191 5.79949067 5.36865467
0.68290491 7.55410673 4.91763393
0.79257472 6.92874955 5.07097928
0.1040867 6.59848314 5.30057656
0.38472871 8.0191381 5.97467113
0.99219226 6.97833756 4.41421362
0.58705409 6.38462788 4.82998622
0.44806025 5.91945401 5.12827972
0.81022019 7.33197385 3.79060412
0.36962393 7.16989903 4.59630418
0.10442653 6.73625492 4.28654694
0.08986099 6.54035562 6.34418867
0.3259904 6.49813728 5.58036066
0.77552198 7.77620026 4.52819862
0.42295134 6.06187926 4.41407164
0.03137643 7.50309505 5.40791438
0.17817197 7.92750225 5.66716706
0.90747628 7.72444246 5.81445097
0.59989362 5.88085949 3.87985978
0.60866063 5.82076738 4.39876572
0.61516977 7.71363998 4.68591557
0.71342728 7.43387983 5.66887831
0.89358915 7.21108763 5.12231865
0.99922485 7.20573649 4.74919861
0.3427475 6.97913109 5.99594813
0.61251617 7.67599702 5.60147722
0.15461549 6.95643318 4.8316499
0.67197998 6.88642683 4.45594322
0.4824018 8.1925643 4.51550957
0.63579622 6.79445691 4.2846017
0.04182645 6.47291084 4.35351295
0.62529761 7.84870415 5.44029456
0.41610809 7.81141587 4.17558064
0.89058842 6.17549583 3.32960122
0.03869643 6.64561447 3.74119834
0.82038396 6.50473347 6.04281155
0.70186743 6.08689319 3.42612558
0.63964758 6.75170372 5.47099259
0.72342193 7.02288435 5.56898018
0.53148417 6.61936543 5.46704303
0.78278993 6.19202779 5.61548421
0.55104318 6.09681404 3.95799
0.72989006 7.3635655 4.48334014
0.190371 6.32408911 3.5683664
0.23895573 7.91289654 5.41451811
0.88676886 7.29976505 5.39031513
0.10262092 7.75047218 4.46749679
0.5040172 7.15744634 4.61007245
0.10474781 7.52346349 4.42367633
0.2472662 7.56636944 5.2179546
0.33450425 6.23050316 3.39691464
0.17867363 6.87773315 6.04150529
0.09826911 8.25428074 5.65325694
0.06244291 5.72550951 5.9270014
0.62083694 6.66018237 4.92536773
0.8698723 5.76032435 5.67509951
0.54460276 6.77992004 4.25260802
0.06268377 8.20303452 7.06245695
0.97592287 6.4305127 4.71878256
0.75013218 7.08237765 5.79897694
0.21336174 5.63531304 5.25755383
0.64554543 6.91677596 6.60778228
0.32415988 6.03076959 4.08390782
0.0137337 7.07848002 5.58200605
0.35465997 6.36259153 4.88741102
0.1204136 5.93709513 5.55283381
0.82477617 5.85599966 4.70968034
0.65141692 7.72529206 5.62168266
0.32122709 5.90866072 5.78366816
0.46598703 7.04245317 5.14939255
0.92468342 6.22357213 4.82677634
0.82641338 7.59381966 4.53526281
0.01084885 7.41777764 4.95563197
0.0320075 6.96210948 5.66280219
0.36636624 6.72473703 5.01698122
0.97778542 6.65553274 6.14469653
0.36390815 6.28579394 5.54966463
0.40466808 7.91772186 4.59184495
0.5512307 8.09443761 4.77551406
0.71830312 7.23982086 5.80755228
0.66434313 7.02068174 6.10489934
0.0979604 6.77882655 4.70045457
0.74077252 6.06143927 6.94358999
0.43827222 6.78418802 5.6783635
0.43855239 7.5363018 6.14463749
0.02866698 7.14574781 5.40704662
0.8994504 7.48616565 4.94977146
0.13900405 5.81520373 5.4584476
0.56145143 6.66854667 4.50360858
0.77187507 7.39129709 6.72319408
0.55107291 6.74333248 3.4623462
0.13300949 7.59624478 4.50866809
0.25318081 6.94715922 4.90079142
0.72642527 5.60183603 4.79956664
0.54244414 8.51787173 6.05078078
0.4562226 5.733201 5.03636646
0.0546313 7.36944957 4.23086675
0.99006162 5.81920514 4.83359521
0.92657024 7.9788025 6.81279572
0.28199922 6.75875567 4.05048315
0.51092529 7.03887586 4.78661319
3.98658256e-03 5.49265177e+00 4.84447142e+00
0.96124246 5.58760005 6.29878221
0.29991461 7.95500488 5.19715908
0.95263719 6.58176482 5.74676978
0.69458962 6.78054903 5.11685769
0.54740724 6.70865245 4.83071114
0.91609239 6.62885398 5.46245281
0.46851316 8.40762605 5.04977366
0.74633396 7.92574798 5.06590319
0.38820217 6.35535302 6.1609227
0.61574609 6.24416531 5.03125505
0.03568329 6.92185952 5.14831238
0.92137217 6.50607489 4.69691485
0.10914786 7.47818344 4.21930958
0.77431877 6.09618606 6.22552518
0.76507953 7.53579903 6.1547468
0.21796937 6.21873262 4.67608485
0.69457342 7.04297436 5.41943687
0.31951959 7.21843379 5.16508692
0.83790359 6.24518165 5.28950787
0.95570073 7.36991182 5.22644357
0.6463374 6.58341426 4.92159014
0.58589491 7.22245609 5.46669217
0.22759756 7.21763049 5.11010057
0.38943658 6.71352184 6.35333498
0.17596637 7.68282557 5.2299806
0.89377736 6.10382322 4.01658942
0.40785214 8.21683463 4.81734377
0.13620579 7.36316273 4.79475639
0.15174675 6.86578901 5.43888242
0.73680632 7.78372067 4.51711931
0.16940461 7.64271412 3.8915804
0.31566203 7.39296102 5.45492362
0.52985827 6.30501097 5.3173488
0.13529562 7.77638489 4.28876125
0.56732116 6.33135215 5.52167993
0.26128776 7.51863913 4.13896338
0.09024308 6.43131302 5.31874971
0.27635009 6.67230356 6.71480512
0.26631015 8.02154849 5.13829311
0.02962653 7.90748024 6.08608099
0.75433403 6.01165551 5.11506243
0.81321867 6.54234544 6.0614902
0.37171729 7.16691308 5.00110185
0.96903396 7.41303895 6.27946291
0.24342528 6.17193015 5.01915641
0.24715962 7.54040486 4.34369138
0.27329293 6.26035928 5.42287775
0.71301381 7.80207775 5.55912476
0.33629057 6.19266429 4.96150028
0.03209742 8.01303475 5.95202279
0.67830665 5.94328319 4.71499636
0.9734616 6.77600782 5.91751067
0.83838101 7.2977113 5.88943337
0.49878931 7.09799702 3.30735868
0.68284109 6.95596787 4.53700129
0.87877072 7.70426976 5.15045751
0.37972045 7.31698934 4.79202744
0.04371905 7.89008408 5.04751747
0.47070145 7.7640324 4.67548496
0.88065023 7.54362594 5.69066047
0.39156757 6.46682991 5.33377696
0.74399505 6.89389246 5.06867288
0.57019831 6.92198105 5.9813255
0.38943537 7.74424671 5.52981127
0.02281839 7.08244455 3.99123932
0.9436657 7.21069497 5.44729016
0.3197904 7.53769293 7.44173894
0.40198047 6.61385323 4.98277835
0.83681102 7.70628502 5.60516245
0.41197745 6.92030459 5.09031534
0.90292242 7.32390731 6.02984116
0.69383687 7.08752761 5.01227902
0.27184137 5.66231038 5.5333815
0.99455724 7.8083551 4.38775386
0.49022246 6.33435206 4.35356845
0.37604766 7.34758425 5.23961723
1.06681012e-03 6.51470868e+00 4.50381221e+00
0.51306133 7.1652871 4.80588901
0.61145489 7.17431977 3.40756196
0.47096783 5.23236582 5.79637845
0.32876981 7.04116496 6.44208169
0.46370543 6.56652564 4.76905289
0.04021789 6.19813432 4.72416363
0.65974555 6.34819456 5.77882899
0.56810087 8.02769834 4.88065843
0.21092198 5.8283665 5.17178334
0.54036638 8.52760947 5.98450739
0.0295295 7.59035396 4.04794112
0.96804523 7.32637991 6.50416308
0.88945766 6.8491398 3.29236259
0.73988225 7.45865922 5.44313446
0.66096875 7.92282237 5.28890161
0.97493829 7.49899661 5.31312258
0.75825421 5.49993527 4.93999598
0.28474909 7.37634455 5.24498546
0.65282886 7.0174708 5.00799664
0.58863937 6.95452331 5.51041054
0.22413984 6.68149855 4.50922929
0.24332049 7.07676545 5.19770543
0.40444637 6.204241 4.15182147
0.4304725 7.45064996 4.32147947
0.63974309 7.60052675 3.9992928
0.12726762 8.67043277 6.37918458
0.29744812 8.05012311 4.73335988
0.07976268 7.12997112 5.70875748
0.57990549 7.79908827 4.23807118
0.0894679 6.1791272 5.46104735
0.04452208 6.99696951 3.98684661
0.45331591 7.59077067 4.29000089
0.97082073 8.24256357 6.51489159
0.94362992 7.11086309 5.81749182
0.01080828 7.44460289 6.04214849
0.42396538 6.06788864 5.31306554
0.77130754 6.41365103 5.63154524
0.06110768 5.7844724 4.87248889
0.66468796 5.21821121 6.05541943
0.9663733 8.00887263 6.14691113
0.46632807 7.6358291 4.79846565
0.93737969 8.35942362 5.22847526
0.8100188 6.54315845 5.52691731
0.82940077 7.23240048 4.84508004
0.92062305 8.13193068 4.47433901
0.11848652 7.16292673 3.92663457
0.30218826 6.34492302 5.7865345
0.53189814 7.07802952 4.11584215
0.01008306 8.51570857 5.52707135
0.28938051 7.19857095 5.56509459
0.36755971 6.64141264 5.41343728
0.90487623 8.68549771 4.97932598
0.76811451 7.72770427 5.69020459
0.09813343 6.38414958 5.37406344
0.05903071 6.09385656 4.89131664
0.37292081 5.59440151 4.85940185
0.01005754 7.56398878 4.8609592
0.77215726 6.96617736 4.62014854
0.16727217 7.89227238 6.93526342
0.1517743 6.72531111 4.18394213
0.85157867 7.22953589 5.07691418
0.41860299 7.13895357 6.59805233
0.99288263 6.26029547 4.42332787
0.13898609 7.36491943 6.19639551
0.45155099 7.46835889 5.29148687
0.41078122 6.15047902 5.76292492
0.21074119 7.48131514 4.89358855
0.11890138 6.89582882 4.12157733
0.48672334 7.78312981 5.00120627
0.95758779 6.95237727 5.1089296
0.77306464 8.12688486 6.25440315
0.28846609 5.91359163 5.44830233
0.97261102 6.18597907 4.43038055
0.59305694 6.93348086 5.38207339
0.67400842 6.72990489 3.87952239
0.46853041 7.09164867 3.31592156
0.02850577 5.35691846 5.66991397
0.81449049 6.59990237 5.27847482
0.32121765 5.948751 5.36193779
0.44151661 6.9361564 4.82231032
0.94780131 7.50907526 4.00924241
0.06262484 7.8825591 4.15363438
0.55715102 7.37068683 5.02255836
0.66241178 7.26859101 5.23740734
0.59243688 7.51398306 4.39702082
0.16967761 6.83091139 4.17764465
0.89044194 7.25750449 5.58514548
0.76859812 7.09711208 5.95540525
0.25225523 7.18980277 6.2028953
0.06495252 7.51304102 4.25247621
0.76422453 8.04283281 6.20618433
0.84903612 7.79718762 5.4293091
0.10965159 6.87279652 5.46305814
0.76890613 6.39026106 5.54406153
0.56516041 6.13861663 5.52435153
0.11897129 7.72910599 4.78079346
0.08315053 6.93637219 4.02345475
0.6080512 7.79826338 5.630342
0.33525959 7.24671468 6.23812257
0.63160371 7.56738656 5.28092607
0.1575814 8.36375605 4.51242887
0.17594635 5.68177191 4.23976873
0.48719835 7.3078665 5.23390968
0.6970728 7.24178278 4.75933265
0.76703837 7.3194402 4.76404757
0.25076447 7.22081007 4.72867678
0.09254011 6.37319182 5.60607264
0.11462239 6.82249786 4.79279051
0.5433254 6.30256785 5.67603835
0.52433968 7.6974851 3.88054426
0.17149676 7.49079904 5.79018432
0.86494332 7.11297538 4.85479299
0.53817176 6.04026223 5.11644487
0.54408814 7.63729704 5.02688004
0.0451077 6.84357272 5.27665779
0.22508235 6.0591873 6.16227851
0.57591432 8.07965284 5.48720067
0.413793 7.4153763 5.07527125
0.71137078 6.51781468 5.34777791
0.42524581 8.31005577 6.61824983
0.92861439 8.04350779 4.78051118
0.80194011 5.74265747 6.4023788
0.01076489 5.70096606 4.00226263
0.95553143 7.65709194 4.112502
0.68045673 7.66118433 6.60881022
0.42774758 6.85398233 5.09123573
0.44648465 6.50761675 4.92690575
0.40226442 5.89850581 6.80623941
0.24685345 7.05579464 6.81077696
0.76583611 6.72988104 3.98783178
0.7888302 7.91071132 5.00112499
0.46195938 5.83502081 4.61005901
0.1279426 7.2354988 5.60461199
0.51560042 7.01948131 5.32459589
0.37008938 7.18432509 5.6201357
0.18561189 7.78289797 5.76927185
0.270394 8.58198649 5.49238382
0.54843176 6.32081356 6.17733276
0.18925442 7.53521369 4.41818243
0.33656506 7.2089755 5.55901176
0.21736976 7.08649657 4.85812586
0.03816853 6.69517963 4.00414154
0.30167957 7.72568733 5.45218875
0.48761296 7.06621127 5.49768393
0.43791807 6.16591162 4.99424147
0.45754326 5.98211517 4.67068735
0.26347194 7.14162737 4.83182509
0.86602882 7.04867274 5.16555735
0.29610658 6.00403317 4.37520486
0.95170471 7.35260215 4.33557164
0.00980334 8.01622842 4.54773051
0.82621858 7.34748801 6.41779665
0.26906501 5.71790798 5.37697085
0.00786347 7.03187746 5.21630627
0.46934291 5.55796165 5.02969552
0.24145782 7.52258318 5.84771062
0.76483774 6.00761265 5.56261693
0.62157753 6.39606092 4.28184492
0.9394483 6.60034389 4.66741525
0.98829334 7.37964422 5.06913406
0.39157311 6.4699812 3.04312666
0.73115543 7.24139109 3.82758738
0.55826997 7.01903064 5.50416501
0.65051182 6.87581688 3.83016097
0.10110478 7.55361099 5.41329603
0.5061649 6.54500434 6.30513515
0.32855441 6.62036198 3.78378832
0.11899441 7.58283663 5.22041369
