0.82282901 2.45645968 1.10992358
0.86031989 3.42201221 -0.81479031
0.10385367 2.70340686 0.32959092
0.98571988 3.62738973 -0.83123011
0.91153117 4.3649594 0.09146316
0.36548304 1.48320548 0.58140179
0.48667799 2.85937502 0.05857021
0.32704831 1.4960386 0.89979974
0.76648182 2.04752741 0.38658035
0.88333932 3.48162231 0.83130919
0.87140288 3.3156548 -0.2987973
0.34339157 2.9376163 0.606317
0.54767435 2.76697229 0.12326857
0.76458466 3.93885985 -0.35212472
0.10021316 3.57882313 0.11496594
0.24823055 3.63483797 0.83915758
0.91636248 3.11015028 -0.5629335
0.27434379 3.39083814 -0.49052601
0.6379695 3.68777051 -0.6025023
0.04169061 2.85523064 -0.98127229
0.27074477 1.30765954 0.94066397
0.58642688 3.51822289 -0.9786248
0.55904849 2.61893092 0.79601286
0.65038077 2.44383234 1.59649115
0.42870368 3.793664 0.10723091
0.04268056 2.05386874 -0.27775152
0.28829757 2.38417606 -1.77611625
0.20832473 3.26514636 -0.39114162
0.83692688 2.7550605 0.42765313
0.55531698 4.32450892 0.73498322
0.36432325 2.43282446 -0.28319143
0.81615694 2.01680778 -0.05121263
0.13066847 3.38317084 -0.92089766
0.33891461 2.1707905 0.291705
0.09748034 3.09965712 0.52210607
0.4990925 2.59763756 0.01240345
0.41688223 2.15910167 0.34386121
0.70645375 2.97526027 0.40062704
0.41917503 1.57803695 -1.22442873
0.7741194 2.88943331 -0.900348
0.39175424 3.34666599 0.49772792
0.86959612 3.50198022 0.3852594
0.61660819 3.98774808 -1.40820273
0.84697787 2.41695117 0.90065586
0.25641028 2.40736189 -0.39780259
0.48363052 2.95450587 -0.74331181
0.72463649 3.81862656 1.00688606
0.90532517 3.54858652 0.06941396
0.60793803 2.56195057 1.04682204
0.98143413 2.05888884 -0.34739533
0.67226301 1.83241765 0.61812805
0.45417644 4.2020972 -1.22640999
0.05038685 2.49754193 0.17765369
0.17314643 3.61096758 -1.57512232
0.13448969 2.33249238 0.71221241
0.81947133 4.03702474 -0.70768081
0.66990207 3.91477966 0.22874498
0.77248678 3.46524816 1.89876003
0.06114181 3.07780823 -0.36495888
0.98391801 3.30650122 -1.48668001
0.11181973 2.15902982 -0.97259522
0.70937153 2.68942902 -0.12796642
0.6414772 2.94023021 0.14233565
0.09649824 3.19531528 2.05704284
0.5713951 2.78998924 -0.28807124
0.86959407 3.51800705 -0.43303754
0.74546049 2.62445052 -0.31801661
0.88647683 4.07974417 0.19288091
0.49863975 2.4880354 -0.45892048
0.1364088 2.82028593 0.34103638
0.43446219 3.52118332 1.87927654
0.73497389 2.38181301 -0.16071742
0.38348907 3.1978653 -0.05220627
0.57146789 3.79063689 -0.97680654
0.98767928 2.72932797 0.99566035
0.50313556 3.76217971 -1.14907547
0.96689867 3.20001129 -0.59896029
0.49995989 3.24057261 -0.13026399
0.72098541 2.39506922 0.3774405
0.20017701 2.68160114 -0.0135434
0.64145772 1.64439862 0.86506386
0.78642314 3.46154195 0.64568669
0.02345228 2.23408822 -0.62369338
0.19929242 1.97879413 -0.16246331
0.86445003 3.42918146 0.16124442
0.10991961 3.60499883 0.91371244
0.00568707 1.27904855 -1.79221135
0.98705491 1.56732538 0.38763457
0.64473154 3.26753443 0.11818968
0.71643631 1.45789972 -1.17645508
0.03931926 2.41904039 -0.01862029
0.32186117 4.60644239 -0.21687051
0.92731075 2.54504882 -0.00262484
0.80902295 3.61697055 0.30984741
0.8355053 2.59991411 0.88488571
0.33421758 2.92915201 -1.4081592
0.20260894 3.66086927 1.33925897
0.04377166 2.27386256 -0.99362197
0.67755554 3.07469133 -0.15429888
0.9967853 3.53110498 -0.16261602
0.02100546 2.22887926 0.06002131
0.78013827 3.48624808 -0.26057984
0.72501359 2.65446502 -1.67499482
0.16530772 2.12911879 0.5188656
0.21459564 3.32179011 -0.82970548
0.03401805 3.18668644 -0.48403834
0.52952737 2.24189852 -0.40510567
0.58147435 2.78626154 0.44802409
0.63882431 3.09188009 0.02837144
0.61925658 3.80662562 0.62681796
0.92612114 3.16330778 -1.06231166
0.97101448 2.05827999 -0.61390452
0.93090843 2.00467637 -1.17437535
0.8575737 3.85223655 0.38745338
0.70358498 2.35381887 1.43144735
0.29454953 2.7145543 0.17991479
0.92470689 3.09806302 -1.17725643
0.17293726 3.36148056 1.33684212
0.3564799 2.39229219 1.13332102
0.36175766 3.64909139 -0.06300903
0.63543938 2.08495007 -0.10555225
0.23834591 2.09066119 -0.37831097
0.49432134 3.68661461 1.4371209
0.10134015 2.69275863 0.56492262
0.7408187 2.91914951 -0.30751098
0.32682785 4.53940624 -0.6919564
0.66465499 3.24660397 -0.89236064
0.25867462 1.02267925 -0.75350761
0.96145331 2.19875908 0.80956083
0.58496032 4.43157361 0.27050749
0.82026858 3.11875942 -0.09074415
0.11464572 1.88081467 1.1518994
0.24345567 2.95906291 -0.82944233
0.46404454 3.29666033 -0.61638821
0.80775496 3.10583518 0.28228393
0.11733507 4.50775639 -0.4280465
0.56289919 2.65900509 -0.41822399
0.4015398 2.75030848 -1.09825409
0.95259486 3.74067085 -1.44748618
0.15187394 3.62865608 -0.17906408
0.18535587 2.17332941 0.54829041
0.93332275 3.8121523 -0.19111106
0.64870161 1.53415216 2.0991807
0.53491295 3.78458461 0.25403833
0.48252165 2.63276647 -0.32996352
0.44443509 3.11579579 0.11256862
0.31502212 3.42400395 -1.04440178
0.80343894 4.19952597 -0.63053059
0.6669012 2.41319784 0.27150165
0.65018948 2.39125818 0.03469138
0.06346213 1.2267794 -0.63145845
0.61672672 1.50015177 0.91621507
0.45712233 3.7836384 -0.08841129
0.60754252 2.45317151 0.36904631
0.30795754 4.0432874 0.87135923
0.80696596 3.42762313 0.32901805
0.87430859 3.6365614 0.1339778
0.70699186 2.60030382 0.40440884
0.36976948 2.94097415 1.32815631
0.31161082 3.10239297 -0.32955189
0.50949875 3.56894642 -0.24374119
0.36374466 3.19681084 -0.10638822
0.91283269 2.06870742 0.74880882
0.95707198 1.54716771 0.97503585
0.34840923 4.1249728 0.71521414
0.9506181 3.17028402 -0.68186769
0.85199196 2.85829008 0.75885099
0.41707002 1.79397087 0.67774664
0.80977239 2.79605069 0.83444128
0.1333779 0.84247288 -0.66626171
0.47487989 2.90714277 -0.21814416
0.40561622 3.59555149 -0.73229095
0.05680911 2.30957215 -1.1068274
0.06711446 3.32331178 -0.61496118
0.45502184 2.40987708 -0.72836453
0.24335226 1.94299334 -0.57156531
0.52401454 2.03912916 0.39542446
0.02319554 2.70364082 1.5183208
0.02411397 2.57676243 0.54283548
0.09726595 2.57768812 -0.3851049
0.75459975 2.41409217 0.48626662
0.3021893 3.10388536 -0.82356053
0.06067222 2.9870568 0.79256461
0.32071099 2.61571901 -1.41862011
0.273385 2.89643091 -1.19651497
0.62684147 2.05685721 -0.39992833
0.30499992 2.79267642 -0.42167941
0.15389039 2.28867315 2.01606813
0.84167583 4.18206378 0.84597757
0.97608682 3.33356025 0.62968209
0.60161454 2.98252861 0.57217227
0.89607227 3.01233607 0.16775177
0.39585599 3.05095466 0.35598125
0.43945863 2.63259624 1.16161804
0.4842893 3.6474486 -0.90934888
0.84329912 3.5997146 0.64362762
0.73515819 3.49174243 0.18455241
0.77632005 2.64065786 -0.3228496
7.44561001e-01 2.10585222e+00 -1.48676500e-03
0.33425549 3.73678846 0.57545044
0.77878724 3.39480121 -0.09648539
0.55592459 3.07868737 -0.30726229
0.33899641 3.1165138 -0.84357893
0.22234346 3.52196471 -0.9183046
0.78532307 3.70121987 -0.3186732
0.47726567 2.80293438 -0.3123966
0.68608029 3.67646998 -1.12046459
0.15316161 2.56427513 -0.48250537
0.52433826 2.93877797 -1.58875555
0.87476736 3.84351123 -0.01227338
0.0763703 4.04233443 0.42391976
0.87217638 3.65826942 0.56145638
0.24222376 3.22097005 0.55748679
0.48713679 3.10934845 -0.50051221
0.53598805 3.33164364 -0.8118314
0.99318166 2.06453804 -0.83969129
0.78894189 2.77035048 -0.29916905
0.70067065 2.48979327 0.93315315
0.49138782 3.1846965 -0.69504293
0.40969421 3.62080862 -0.72013947
0.26468044 1.70986132 0.04572757
0.60114382 2.96761898 0.2075019
0.79348151 3.24006927 0.36862694
0.11818532 2.89587219 -0.3977671
0.51468997 2.21405632 -0.71527735
0.21065895 1.6064231 -0.11155843
0.60357526 2.84953516 -0.26188133
0.37206072 3.20483347 0.73738659
0.12846431 2.4760298 -0.52624313
0.60124725 3.46894457 -1.10588025
0.22884291 2.4530505 -0.53143968
0.77623937 1.59118823 -0.51651039
0.55492393 2.78801111 0.16965699
0.89137191 3.07851107 -0.00879844
0.89194442 2.11937979 0.13214641
0.94645008 3.1377911 1.21846414
0.30350491 3.42263115 -0.19213322
0.24495044 3.88708345 1.08163115
0.69460469 2.28829689 0.62829161
0.66999557 2.93211916 0.31043489
0.69271527 3.41553634 0.05266393
0.85884151 1.67029987 1.26341729
0.11197698 4.35466746 0.62611514
0.94489884 1.06862695 -0.89298079
0.22371964 4.16391145 -0.10316534
0.1946042 2.52653302 0.85323992
0.43144081 3.85527569 0.82358568
0.73304542 4.10293722 -0.71438201
0.39861683 0.90247537 0.03016163
0.22161585 2.08649155 -0.58152864
0.39449783 3.27229336 -0.33252285
0.41932669 3.67077545 0.43369235
0.62096713 2.67270437 -0.44722282
0.47644169 3.18679161 0.20799544
0.15065627 1.96281703 0.02115812
0.31746437 3.12016315 0.52704736
0.46094204 3.19471742 -0.17904142
0.87671845 3.57300262 0.02133225
0.78615331 4.10544286 1.20542074
0.28514756 3.2686272 0.4491893
0.78838181 4.02441255 -0.82040737
0.98566333 2.97395126 -0.12132056
0.25677029 3.41525958 0.81957449
0.0372116 2.56971825 -0.29184124
0.74091157 2.59623746 0.40643273
0.4610954 3.52267659 0.71305039
0.81019928 2.1249375 -0.56184408
0.75220327 3.64350318 1.39202096
0.23401301 3.22713135 0.98664694
0.61224178 4.11721245 0.84835729
0.8036899 2.65733667 -1.00059863
0.87432921 2.36241658 -0.77052455
0.79531689 1.02889954 0.63847917
0.30045086 2.33867299 0.72531828
0.78356246 2.72111578 -0.20536471
0.21348209 2.36251047 0.71695848
0.46543328 2.05982809 -0.45943992
0.82461016 3.48096817 1.27238384
0.60993388 4.25213654 -0.44946135
0.77829696 2.17952151 0.13932463
0.25888256 2.8953371 0.30712921
0.0910897 3.93246706 1.16747021
0.11041073 3.34887862 0.52599537
0.14193514 4.30462429 -1.60747339
0.06380793 1.67941751 0.63394055
0.29618543 2.15184714 0.27664532
0.45411907 2.94516195 0.97660104
0.99462998 2.40556669 0.14042597
0.13565819 2.975718 0.96191974
0.96246387 3.72103179 -0.19016929
0.32051847 2.36697828 1.75486662
0.39772125 3.11522533 0.40531833
0.40459922 3.18231107 0.34674516
0.67625398 2.7823572 0.15839175
0.46528433 2.98622317 0.0808827
0.17035406 3.08631371 0.14089247
0.43354754 3.96661332 0.07104707
0.27629467 2.68713804 0.02579239
0.29479347 4.18085143 -0.36825883
0.58634935 2.62679928 0.82654057
0.87255449 3.72525148 0.61351618
0.23301931 4.10806162 0.96130095
0.21451582 1.93851613 0.90744457
0.46130001 2.86389018 -0.3198582
0.24469821 3.55793879 1.14005885
0.42628083 1.81488681 1.01706819
0.93765227 2.1443322 0.75780987
0.08210537 4.49620804 -1.14227765
0.0601568 3.36500471 -0.07175801
0.56084566 3.39070003 0.80812606
0.99132253 3.40646795 -1.5507093
0.70987019 2.11771912 0.37926797
0.26107464 1.88339858 -1.11450023
0.95958614 3.79060337 0.5856301
0.38005975 2.97621411 -0.58973651
0.25521429 2.58854852 -0.11837478
0.04035406 2.25213544 -1.20697605
0.71548001 3.01599489 1.56112606
0.31557551 3.14997187 -1.54785638
0.99708988 3.25374406 0.18933145
0.24220587 3.49016536 -0.14529729
0.79548323 3.56552262 0.89469478
0.77019589 3.85836572 0.40524854
0.35192228 2.91604483 -0.4378836
0.62044558 2.56133814 -0.28220406
0.09672033 2.37339734 -0.24757568
0.30859905 1.39502573 -0.74673118
0.37576524 2.65214614 -0.74560874
0.16036379 2.49996135 -0.67937782
0.39424964 2.93319298 -0.69840302
0.77549068 1.8356537 -0.23662822
0.53997559 1.56006062 1.22286033
0.26928388 3.81973848 0.5439388
0.41969263 2.99039248 -0.21779035
0.34561596 3.66556189 0.21109139
0.83342375 3.38998226 -0.78092654
0.68767974 2.11043993 -0.22842803
0.46012722 1.46074237 0.25176756
0.05010012 2.78647618 1.9748774
0.91286795 3.34170764 0.4518187
0.67608046 4.01603006 0.60916826
0.11871977 3.50696459 -0.58253969
0.72110363 2.62491767 0.06629557
0.16361093 3.73562868 1.24837958
0.77680739 1.76059702 0.71655968
0.39693804 2.39326492 1.04174355
0.14834223 4.00204121 -0.64142502
0.50664222 1.84832704 -0.84792098
0.95896271 2.4208286 -0.32779447
0.7509424 2.57099383 0.02230212
0.9536305 3.45041225 0.18450126
0.18671943 3.19361509 0.91306609
0.45666996 2.23568724 -0.71231108
0.80212562 3.42125127 0.09100413
0.09427698 2.94777449 -1.53017949
0.87498045 2.56282255 -0.11895498
0.72629398 3.46593113 0.18983424
0.36351601 2.32903612 -0.64418579
0.28973633 4.27132833 -0.51447703
0.31471251 3.35217387 0.557923
0.81323465 2.2378953 0.41730261
0.76319878 1.03103911 -0.5496676
0.89615464 3.38416735 -0.98715629
0.659588 1.93206367 0.0839245
0.10337661 3.56142391 0.27816131
0.29192137 2.96629113 -0.61146406
0.16703347 2.0265943 0.85819384
1.17753391e-01 2.35485941e+00 -1.63876871e-03
0.35050053 2.10964133 -0.18615336
0.58695617 3.93557566 -0.78394366
0.89523254 3.33220771 0.48084164
0.63817387 2.09936195 0.25867173
0.74297257 2.83855905 1.03146592
0.30866519 2.45920219 0.33805381
0.55481098 3.01761289 -0.24968482
0.4545717 1.9726084 -0.16092959
0.75229173 2.56361883 -0.63318988
0.06905319 2.7451286 -1.01117684
0.86488617 2.90007095 0.53031666
0.97591004 2.44359713 -1.05923245
0.71250601 2.63552091 1.21443889
0.95728984 3.88206219 -1.1832207
0.46620659 3.52560199 -0.14197999
0.82037028 4.51754435 0.2110949
0.92172486 3.09309031 0.17999591
0.23780114 3.35017559 0.28440024
0.1239464 3.06051481 0.18278135
0.93468239 3.86616592 -0.50090402
0.57126413 4.24537572 0.45702592
0.48085165 4.0350386 1.27682429
0.99040972 3.84770018 1.88127166
0.27739519 3.66987023 0.3359585
0.35986398 4.63977076 -0.85455377
0.14588718 4.42002359 0.39449429
0.67884742 2.69832402 2.14087936
0.33286754 6.89003547 4.46070487
0.1707542 6.50563897 3.80929163
0.14209175 7.79989446 4.60893717
0.54998409 7.97892382 4.74088805
0.23270525 7.58914897 4.06329848
0.54345011 7.28058587 3.78898576
0.86455268 7.65626454 3.94987415
0.01663335 8.07909668 5.17135307
0.97796968 7.04485902 3.37566216
0.15024106 7.93755234 4.77979274
0.38976781 8.48266382 4.59284198
0.82395417 7.70790852 3.98543231
0.29327306 8.91593743 5.43261518
0.5721234 6.64871749 4.09282605
0.79626283 8.37549117 4.54250695
0.32708888 7.38344572 3.79021797
0.30329351 5.6698283 4.23775049
0.01655211 6.56111494 4.6289
0.30914684 5.56344597 4.76553732
0.6459103 6.11256514 4.7311458
0.04817776 5.94873828 3.31257431
0.67423191 4.88340579 6.41620127
0.78666971 5.85998816 4.41486119
0.81005944 4.97478077 6.11872977
0.01981436 5.47696295 5.45572477
0.73292641 6.06552837 3.99056507
0.90546826 6.3985539 4.39829503
0.6825785 5.87521871 4.00399722
0.65878397 5.61131625 5.59157258
0.19710033 5.58929125 4.52049097
0.2803837 4.86732062 6.31463078
0.01756147 5.59632012 4.69488562
0.09741583 5.96073962 3.61949844
0.46692642 6.3965294 3.79275539
0.86259947 6.42852407 6.64618359
0.7056774 6.23342614 4.67071523
0.59308435 7.25720321 4.64095729
0.49153869 7.82695018 4.96107306
0.73375571 7.48279176 5.31848881
0.70363091 5.09169825 5.97125982
0.93046781 6.32146094 3.13573394
0.52649909 6.54537742 5.60017658
0.73818289 7.68415351 5.24082523
0.70083531 6.73785302 4.29387882
0.28624187 7.18926565 6.62620256
0.20803616 7.94080992 4.68681946
0.21892801 8.02875521 4.40170071
0.39949364 7.23573708 6.5565881
0.92159342 6.60658614 6.19369534
0.24890607 7.02136192 4.96692208
0.76408322 6.761118 5.41196455
0.88676704 6.1918276 4.12142922
0.77906542 7.08885294 5.20996525
0.93517304 6.60309961 5.62635473
0.36513788 7.34614639 5.73810563
0.16591977 7.12936262 5.41399406
0.01957105 7.12701124 5.06955471
0.61500191 5.79949067 5.36865467
0.68290491 7.55410673 4.91763393
0.79257472 6.92874955 5.07097928
0.1040867 6.59848314 5.30057656
0.38472871 8.0191381 5.97467113
0.99219226 6.97833756 4.41421362
0.58705409 6.38462788 4.82998622
0.44806025 5.91945401 5.12827972
0.81022019 7.33197385 3.79060412
0.36962393 7.16989903 4.59630418
0.10442653 6.73625492 4.28654694
0.08986099 6.54035562 6.34418867
0.3259904 6.49813728 5.58036066
0.77552198 7.77620026 4.52819862
0.42295134 6.06187926 4.41407164
0.03137643 7.50309505 5.40791438
0.17817197 7.92750225 5.66716706
0.90747628 7.72444246 5.81445097
0.59989362 5.88085949 3.87985978
0.60866063 5.82076738 4.39876572
0.61516977 7.71363998 4.68591557
0.71342728 7.43387983 5.66887831
0.89358915 7.21108763 5.12231865
0.99922485 7.20573649 4.74919861
0.3427475 6.97913109 5.99594813
0.61251617 7.67599702 5.60147722
0.15461549 6.95643318 4.8316499
0.67197998 6.88642683 4.45594322
0.4824018 8.1925643 4.51550957
0.63579622 6.79445691 4.2846017
0.04182645 6.47291084 4.35351295
0.62529761 7.84870415 5.44029456
0.41610809 7.81141587 4.17558064
0.89058842 6.17549583 3.32960122
0.03869643 6.64561447 3.74119834
0.82038396 6.50473347 6.04281155
0.70186743 6.08689319 3.42612558
0.63964758 6.75170372 5.47099259
0.72342193 7.02288435 5.56898018
0.53148417 6.61936543 5.46704303
0.78278993 6.19202779 5.61548421
0.55104318 6.09681404 3.95799
0.72989006 7.3635655 4.48334014
0.190371 6.32408911 3.5683664
0.23895573 7.91289654 5.41451811
0.88676886 7.29976505 5.39031513
0.10262092 7.75047218 4.46749679
0.5040172 7.15744634 4.61007245
0.10474781 7.52346349 4.42367633
0.2472662 7.56636944 5.2179546
0.33450425 6.23050316 3.39691464
0.17867363 6.87773315 6.04150529
0.09826911 8.25428074 5.65325694
0.06244291 5.72550951 5.9270014
0.62083694 6.66018237 4.92536773
0.8698723 5.76032435 5.67509951
0.54460276 6.77992004 4.25260802
0.06268377 8.20303452 7.06245695
0.97592287 6.4305127 4.71878256
0.75013218 7.08237765 5.79897694
0.21336174 5.63531304 5.25755383
0.64554543 6.91677596 6.60778228
0.32415988 6.03076959 4.08390782
0.0137337 7.07848002 5.58200605
0.35465997 6.36259153 4.88741102
0.1204136 5.93709513 5.55283381
0.82477617 5.85599966 4.70968034
0.65141692 7.72529206 5.62168266
0.32122709 5.90866072 5.78366816
0.46598703 7.04245317 5.14939255
0.92468342 6.22357213 4.82677634
0.82641338 7.59381966 4.53526281
0.01084885 7.41777764 4.95563197
0.0320075 6.96210948 5.66280219
0.36636624 6.72473703 5.01698122
0.97778542 6.65553274 6.14469653
0.36390815 6.28579394 5.54966463
0.40466808 7.91772186 4.59184495
0.5512307 8.09443761 4.77551406
0.71830312 7.23982086 5.80755228
0.66434313 7.02068174 6.10489934
0.0979604 6.77882655 4.70045457
0.74077252 6.06143927 6.94358999
0.43827222 6.78418802 5.6783635
0.43855239 7.5363018 6.14463749
0.02866698 7.14574781 5.40704662
0.8994504 7.48616565 4.94977146
0.13900405 5.81520373 5.4584476
0.56145143 6.66854667 4.50360858
0.77187507 7.39129709 6.72319408
0.55107291 6.74333248 3.4623462
0.13300949 7.59624478 4.50866809
0.25318081 6.94715922 4.90079142
0.72642527 5.60183603 4.79956664
0.54244414 8.51787173 6.05078078
0.4562226 5.733201 5.03636646
0.0546313 7.36944957 4.23086675
0.99006162 5.81920514 4.83359521
0.92657024 7.9788025 6.81279572
0.28199922 6.75875567 4.05048315
0.51092529 7.03887586 4.78661319
3.98658256e-03 5.49265177e+00 4.84447142e+00
0.96124246 5.58760005 6.29878221
0.29991461 7.95500488 5.19715908
0.95263719 6.58176482 5.74676978
0.69458962 6.78054903 5.11685769
0.54740724 6.70865245 4.83071114
0.91609239 6.62885398 5.46245281
0.46851316 8.40762605 5.04977366
0.74633396 7.92574798 5.06590319
0.38820217 6.35535302 6.1609227
0.61574609 6.24416531 5.03125505
0.03568329 6.92185952 5.14831238
0.92137217 6.50607489 4.69691485
0.10914786 7.47818344 4.21930958
0.77431877 6.09618606 6.22552518
0.76507953 7.53579903 6.1547468
0.21796937 6.21873262 4.67608485
0.69457342 7.04297436 5.41943687
0.31951959 7.21843379 5.16508692
0.83790359 6.24518165 5.28950787
0.95570073 7.36991182 5.22644357
0.6463374 6.58341426 4.92159014
0.58589491 7.22245609 5.46669217
0.22759756 7.21763049 5.11010057
0.38943658 6.71352184 6.35333498
0.17596637 7.68282557 5.2299806
0.89377736 6.10382322 4.01658942
0.40785214 8.21683463 4.81734377
0.13620579 7.36316273 4.79475639
0.15174675 6.86578901 5.43888242
0.73680632 7.78372067 4.51711931
0.16940461 7.64271412 3.8915804
0.31566203 7.39296102 5.45492362
0.52985827 6.30501097 5.3173488
0.13529562 7.77638489 4.28876125
0.56732116 6.33135215 5.52167993
0.26128776 7.51863913 4.13896338
0.09024308 6.43131302 5.31874971
0.27635009 6.67230356 6.71480512
0.26631015 8.02154849 5.13829311
0.02962653 7.90748024 6.08608099
0.75433403 6.01165551 5.11506243
0.81321867 6.54234544 6.0614902
0.37171729 7.16691308 5.00110185
0.96903396 7.41303895 6.27946291
0.24342528 6.17193015 5.01915641
0.24715962 7.54040486 4.34369138
0.27329293 6.26035928 5.42287775
0.71301381 7.80207775 5.55912476
0.33629057 6.19266429 4.96150028
0.03209742 8.01303475 5.95202279
0.67830665 5.94328319 4.71499636
0.9734616 6.77600782 5.91751067
0.83838101 7.2977113 5.88943337
0.49878931 7.09799702 3.30735868
0.68284109 6.95596787 4.53700129
0.87877072 7.70426976 5.15045751
0.37972045 7.31698934 4.79202744
0.04371905 7.89008408 5.04751747
0.47070145 7.7640324 4.67548496
0.88065023 7.54362594 5.69066047
0.39156757 6.46682991 5.33377696
0.74399505 6.89389246 5.06867288
0.57019831 6.92198105 5.9813255
0.38943537 7.74424671 5.52981127
0.02281839 7.08244455 3.99123932
0.9436657 7.21069497 5.44729016
0.3197904 7.53769293 7.44173894
0.40198047 6.61385323 4.98277835
0.83681102 7.70628502 5.60516245
0.41197745 6.92030459 5.09031534
0.90292242 7.32390731 6.02984116
0.69383687 7.08752761 5.01227902
0.27184137 5.66231038 5.5333815
0.99455724 7.8083551 4.38775386
0.49022246 6.33435206 4.35356845
0.37604766 7.34758425 5.23961723
1.06681012e-03 6.51470868e+00 4.50381221e+00
0.51306133 7.1652871 4.80588901
0.61145489 7.17431977 3.40756196
0.47096783 5.23236582 5.79637845
0.32876981 7.04116496 6.44208169
0.46370543 6.56652564 4.76905289
0.04021789 6.19813432 4.72416363
0.65974555 6.34819456 5.77882899
0.56810087 8.02769834 4.88065843
0.21092198 5.8283665 5.17178334
0.54036638 8.52760947 5.98450739
0.0295295 7.59035396 4.04794112
0.96804523 7.32637991 6.50416308
0.88945766 6.8491398 3.29236259
0.73988225 7.45865922 5.44313446
0.66096875 7.92282237 5.28890161
0.97493829 7.49899661 5.31312258
0.75825421 5.49993527 4.93999598
0.28474909 7.37634455 5.24498546
0.65282886 7.0174708 5.00799664
0.58863937 6.95452331 5.51041054
0.22413984 6.68149855 4.50922929
0.24332049 7.07676545 5.19770543
0.40444637 6.204241 4.15182147
0.4304725 7.45064996 4.32147947
0.63974309 7.60052675 3.9992928
0.12726762 8.67043277 6.37918458
0.29744812 8.05012311 4.73335988
0.07976268 7.12997112 5.70875748
0.57990549 7.79908827 4.23807118
0.0894679 6.1791272 5.46104735
0.04452208 6.99696951 3.98684661
0.45331591 7.59077067 4.29000089
0.97082073 8.24256357 6.51489159
0.94362992 7.11086309 5.81749182
0.01080828 7.44460289 6.04214849
0.42396538 6.06788864 5.31306554
0.77130754 6.41365103 5.63154524
0.06110768 5.7844724 4.87248889
0.66468796 5.21821121 6.05541943
0.9663733 8.00887263 6.14691113
0.46632807 7.6358291 4.79846565
0.93737969 8.35942362 5.22847526
0.8100188 6.54315845 5.52691731
0.82940077 7.23240048 4.84508004
0.92062305 8.13193068 4.47433901
0.11848652 7.16292673 3.92663457
0.30218826 6.34492302 5.7865345
0.53189814 7.07802952 4.11584215
0.01008306 8.51570857 5.52707135
0.28938051 7.19857095 5.56509459
0.36755971 6.64141264 5.41343728
0.90487623 8.68549771 4.97932598
0.76811451 7.72770427 5.69020459
0.09813343 6.38414958 5.37406344
0.05903071 6.09385656 4.89131664
0.37292081 5.59440151 4.85940185
0.01005754 7.56398878 4.8609592
0.77215726 6.96617736 4.62014854
0.16727217 7.89227238 6.93526342
0.1517743 6.72531111 4.18394213
0.85157867 7.22953589 5.07691418
0.41860299 7.13895357 6.59805233
0.99288263 6.26029547 4.42332787
0.13898609 7.36491943 6.19639551
0.45155099 7.46835889 5.29148687
0.41078122 6.15047902 5.76292492
0.21074119 7.48131514 4.89358855
0.11890138 6.89582882 4.12157733
0.48672334 7.78312981 5.00120627
0.95758779 6.95237727 5.1089296
0.77306464 8.12688486 6.25440315
0.28846609 5.91359163 5.44830233
0.97261102 6.18597907 4.43038055
0.59305694 6.93348086 5.38207339
0.67400842 6.72990489 3.87952239
0.46853041 7.09164867 3.31592156
0.02850577 5.35691846 5.66991397
0.81449049 6.59990237 5.27847482
0.32121765 5.948751 5.36193779
0.44151661 6.9361564 4.82231032
0.94780131 7.50907526 4.00924241
0.06262484 7.8825591 4.15363438
0.55715102 7.37068683 5.02255836
0.66241178 7.26859101 5.23740734
0.59243688 7.51398306 4.39702082
0.16967761 6.83091139 4.17764465
0.89044194 7.25750449 5.58514548
0.76859812 7.09711208 5.95540525
0.25225523 7.18980277 6.2028953
0.06495252 7.51304102 4.25247621
0.76422453 8.04283281 6.20618433
0.84903612 7.79718762 5.4293091
0.10965159 6.87279652 5.46305814
0.76890613 6.39026106 5.54406153
0.56516041 6.13861663 5.52435153
0.11897129 7.72910599 4.78079346
0.08315053 6.93637219 4.02345475
0.6080512 7.79826338 5.630342
0.33525959 7.24671468 6.23812257
0.63160371 7.56738656 5.28092607
0.1575814 8.36375605 4.51242887
0.17594635 5.68177191 4.23976873
0.48719835 7.3078665 5.23390968
0.6970728 7.24178278 4.75933265
0.76703837 7.3194402 4.76404757
0.25076447 7.22081007 4.72867678
0.09254011 6.37319182 5.60607264
0.11462239 6.82249786 4.79279051
0.5433254 6.30256785 5.67603835
0.52433968 7.6974851 3.88054426
0.17149676 7.49079904 5.79018432
0.86494332 7.11297538 4.85479299
0.53817176 6.04026223 5.11644487
0.54408814 7.63729704 5.02688004
0.0451077 6.84357272 5.27665779
0.22508235 6.0591873 6.16227851
0.57591432 8.07965284 5.48720067
0.413793 7.4153763 5.07527125
0.71137078 6.51781468 5.34777791
0.42524581 8.31005577 6.61824983
0.92861439 8.04350779 4.78051118
0.80194011 5.74265747 6.4023788
0.01076489 5.70096606 4.00226263
0.95553143 7.65709194 4.112502
0.68045673 7.66118433 6.60881022
0.42774758 6.85398233 5.09123573
0.44648465 6.50761675 4.92690575
0.40226442 5.89850581 6.80623941
0.24685345 7.05579464 6.81077696
0.76583611 6.72988104 3.98783178
0.7888302 7.91071132 5.00112499
0.46195938 5.83502081 4.61005901
0.1279426 7.2354988 5.60461199
0.51560042 7.01948131 5.32459589
0.37008938 7.18432509 5.6201357
0.18561189 7.78289797 5.76927185
0.270394 8.58198649 5.49238382
0.54843176 6.32081356 6.17733276
0.18925442 7.53521369 4.41818243
0.33656506 7.2089755 5.55901176
0.21736976 7.08649657 4.85812586
0.03816853 6.69517963 4.00414154
0.30167957 7.72568733 5.45218875
0.48761296 7.06621127 5.49768393
0.43791807 6.16591162 4.99424147
0.45754326 5.98211517 4.67068735
0.26347194 7.14162737 4.83182509
0.86602882 7.04867274 5.16555735
0.29610658 6.00403317 4.37520486
0.95170471 7.35260215 4.33557164
0.00980334 8.01622842 4.54773051
0.82621858 7.34748801 6.41779665
0.26906501 5.71790798 5.37697085
0.00786347 7.03187746 5.21630627
0.46934291 5.55796165 5.02969552
0.24145782 7.52258318 5.84771062
0.76483774 6.00761265 5.56261693
0.62157753 6.39606092 4.28184492
0.9394483 6.60034389 4.66741525
0.98829334 7.37964422 5.06913406
0.39157311 6.4699812 3.04312666
0.73115543 7.24139109 3.82758738
0.55826997 7.01903064 5.50416501
0.65051182 6.87581688 3.83016097
0.10110478 7.55361099 5.41329603
0.5061649 6.54500434 6.30513515
0.32855441 6.62036198 3.78378832
0.11899441 7.58283663 5.22041369
