0.33286754 6.89003547 4.46070487
0.1707542 6.50563897 3.80929163
0.14209175 7.79989446 4.60893717
0.54998409 7.97892382 4.74088805
0.23270525 7.58914897 4.06329848
0.54345011 7.28058587 3.78898576
0.86455268 7.65626454 3.94987415
0.01663335 8.07909668 5.17135307
0.97796968 7.04485902 3.37566216
0.15024106 7.93755234 4.77979274
0.38976781 8.48266382 4.59284198
0.82395417 7.70790852 3.98543231
0.29327306 8.91593743 5.43261518
0.5721234 6.64871749 4.09282605
0.79626283 8.37549117 4.54250695
0.32708888 7.38344572 3.79021797
0.30329351 5.6698283 4.23775049
0.01655211 6.56111494 4.6289
0.30914684 5.56344597 4.76553732
0.6459103 6.11256514 4.7311458
0.04817776 5.94873828 3.31257431
0.67423191 4.88340579 6.41620127
0.78666971 5.85998816 4.41486119
0.81005944 4.97478077 6.11872977
0.01981436 5.47696295 5.45572477
0.73292641 6.06552837 3.99056507
0.90546826 6.3985539 4.39829503
0.6825785 5.87521871 4.00399722
0.65878397 5.61131625 5.59157258
0.19710033 5.58929125 4.52049097
0.2803837 4.86732062 6.31463078
0.01756147 5.59632012 4.69488562
0.09741583 5.96073962 3.61949844
0.46692642 6.3965294 3.79275539
0.86259947 6.42852407 6.64618359
0.7056774 6.23342614 4.67071523
0.59308435 7.25720321 4.64095729
0.49153869 7.82695018 4.96107306
0.73375571 7.48279176 5.31848881
0.70363091 5.09169825 5.97125982
0.93046781 6.32146094 3.13573394
0.52649909 6.54537742 5.60017658
0.73818289 7.68415351 5.24082523
0.70083531 6.73785302 4.29387882
0.28624187 7.18926565 6.62620256
0.20803616 7.94080992 4.68681946
0.21892801 8.02875521 4.40170071
0.39949364 7.23573708 6.5565881
0.92159342 6.60658614 6.19369534
0.24890607 7.02136192 4.96692208
0.76408322 6.761118 5.41196455
0.88676704 6.1918276 4.12142922
0.77906542 7.08885294 5.20996525
0.93517304 6.60309961 5.62635473
0.36513788 7.34614639 5.73810563
0.16591977 7.12936262 5.41399406
0.01957105 7.12701124 5.06955471
0.61500191 5.79949067 5.36865467
0.68290491 7.55410673 4.91763393
0.79257472 6.92874955 5.07097928
0.1040867 6.59848314 5.30057656
0.38472871 8.0191381 5.97467113
0.99219226 6.97833756 4.41421362
0.58705409 6.38462788 4.82998622
0.44806025 5.91945401 5.12827972
0.81022019 7.33197385 3.79060412
0.36962393 7.16989903 4.59630418
0.10442653 6.73625492 4.28654694
0.08986099 6.54035562 6.34418867
0.3259904 6.49813728 5.58036066
0.77552198 7.77620026 4.52819862
0.42295134 6.06187926 4.41407164
0.03137643 7.50309505 5.40791438
0.17817197 7.92750225 5.66716706
0.90747628 7.72444246 5.81445097
0.59989362 5.88085949 3.87985978
0.60866063 5.82076738 4.39876572
0.61516977 7.71363998 4.68591557
0.71342728 7.43387983 5.66887831
0.89358915 7.21108763 5.12231865
0.99922485 7.20573649 4.74919861
0.3427475 6.97913109 5.99594813
0.61251617 7.67599702 5.60147722
0.15461549 6.95643318 4.8316499
0.67197998 6.88642683 4.45594322
0.4824018 8.1925643 4.51550957
0.63579622 6.79445691 4.2846017
0.04182645 6.47291084 4.35351295
0.62529761 7.84870415 5.44029456
0.41610809 7.81141587 4.17558064
0.89058842 6.17549583 3.32960122
0.03869643 6.64561447 3.74119834
0.82038396 6.50473347 6.04281155
0.70186743 6.08689319 3.42612558
0.63964758 6.75170372 5.47099259
0.72342193 7.02288435 5.56898018
0.53148417 6.61936543 5.46704303
0.78278993 6.19202779 5.61548421
0.55104318 6.09681404 3.95799
0.72989006 7.3635655 4.48334014
0.190371 6.32408911 3.5683664
0.23895573 7.91289654 5.41451811
0.88676886 7.29976505 5.39031513
0.10262092 7.75047218 4.46749679
0.5040172 7.15744634 4.61007245
0.10474781 7.52346349 4.42367633
0.2472662 7.56636944 5.2179546
0.33450425 6.23050316 3.39691464
0.17867363 6.87773315 6.04150529
0.09826911 8.25428074 5.65325694
0.06244291 5.72550951 5.9270014
0.62083694 6.66018237 4.92536773
0.8698723 5.76032435 5.67509951
0.54460276 6.77992004 4.25260802
0.06268377 8.20303452 7.06245695
0.97592287 6.4305127 4.71878256
0.75013218 7.08237765 5.79897694
0.21336174 5.63531304 5.25755383
0.64554543 6.91677596 6.60778228
0.32415988 6.03076959 4.08390782
0.0137337 7.07848002 5.58200605
0.35465997 6.36259153 4.88741102
0.1204136 5.93709513 5.55283381
0.82477617 5.85599966 4.70968034
0.65141692 7.72529206 5.62168266
0.32122709 5.90866072 5.78366816
0.46598703 7.04245317 5.14939255
0.92468342 6.22357213 4.82677634
0.82641338 7.59381966 4.53526281
0.01084885 7.41777764 4.95563197
0.0320075 6.96210948 5.66280219
0.36636624 6.72473703 5.01698122
0.97778542 6.65553274 6.14469653
0.36390815 6.28579394 5.54966463
0.40466808 7.91772186 4.59184495
0.5512307 8.09443761 4.77551406
0.71830312 7.23982086 5.80755228
0.66434313 7.02068174 6.10489934
0.0979604 6.77882655 4.70045457
0.74077252 6.06143927 6.94358999
0.43827222 6.78418802 5.6783635
0.43855239 7.5363018 6.14463749
0.02866698 7.14574781 5.40704662
0.8994504 7.48616565 4.94977146
0.13900405 5.81520373 5.4584476
0.56145143 6.66854667 4.50360858
0.77187507 7.39129709 6.72319408
0.55107291 6.74333248 3.4623462
0.13300949 7.59624478 4.50866809
0.25318081 6.94715922 4.90079142
0.72642527 5.60183603 4.79956664
0.54244414 8.51787173 6.05078078
0.4562226 5.733201 5.03636646
0.0546313 7.36944957 4.23086675
0.99006162 5.81920514 4.83359521
0.92657024 7.9788025 6.81279572
0.28199922 6.75875567 4.05048315
0.51092529 7.03887586 4.78661319
3.98658256e-03 5.49265177e+00 4.84447142e+00
0.96124246 5.58760005 6.29878221
0.29991461 7.95500488 5.19715908
0.95263719 6.58176482 5.74676978
0.69458962 6.78054903 5.11685769
0.54740724 6.70865245 4.83071114
0.91609239 6.62885398 5.46245281
0.46851316 8.40762605 5.04977366
0.74633396 7.92574798 5.06590319
0.38820217 6.35535302 6.1609227
0.61574609 6.24416531 5.03125505
0.03568329 6.92185952 5.14831238
0.92137217 6.50607489 4.69691485
0.10914786 7.47818344 4.21930958
0.77431877 6.09618606 6.22552518
0.76507953 7.53579903 6.1547468
0.21796937 6.21873262 4.67608485
0.69457342 7.04297436 5.41943687
0.31951959 7.21843379 5.16508692
0.83790359 6.24518165 5.28950787
0.95570073 7.36991182 5.22644357
0.6463374 6.58341426 4.92159014
0.58589491 7.22245609 5.46669217
0.22759756 7.21763049 5.11010057
0.38943658 6.71352184 6.35333498
0.17596637 7.68282557 5.2299806
0.89377736 6.10382322 4.01658942
0.40785214 8.21683463 4.81734377
0.13620579 7.36316273 4.79475639
0.15174675 6.86578901 5.43888242
0.73680632 7.78372067 4.51711931
0.16940461 7.64271412 3.8915804
0.31566203 7.39296102 5.45492362
0.52985827 6.30501097 5.3173488
0.13529562 7.77638489 4.28876125
0.56732116 6.33135215 5.52167993
0.26128776 7.51863913 4.13896338
0.09024308 6.43131302 5.31874971
0.27635009 6.67230356 6.71480512
0.26631015 8.02154849 5.13829311
0.02962653 7.90748024 6.08608099
0.75433403 6.01165551 5.11506243
0.81321867 6.54234544 6.0614902
0.37171729 7.16691308 5.00110185
0.96903396 7.41303895 6.27946291
0.24342528 6.17193015 5.01915641
0.24715962 7.54040486 4.34369138
0.27329293 6.26035928 5.42287775
0.71301381 7.80207775 5.55912476
0.33629057 6.19266429 4.96150028
0.03209742 8.01303475 5.95202279
0.67830665 5.94328319 4.71499636
0.9734616 6.77600782 5.91751067
0.83838101 7.2977113 5.88943337
0.49878931 7.09799702 3.30735868
0.68284109 6.95596787 4.53700129
0.87877072 7.70426976 5.15045751
0.37972045 7.31698934 4.79202744
0.04371905 7.89008408 5.04751747
0.47070145 7.7640324 4.67548496
0.88065023 7.54362594 5.69066047
0.39156757 6.46682991 5.33377696
0.74399505 6.89389246 5.06867288
0.57019831 6.92198105 5.9813255
0.38943537 7.74424671 5.52981127
0.02281839 7.08244455 3.99123932
0.9436657 7.21069497 5.44729016
0.3197904 7.53769293 7.44173894
0.40198047 6.61385323 4.98277835
0.83681102 7.70628502 5.60516245
0.41197745 6.92030459 5.09031534
0.90292242 7.32390731 6.02984116
0.69383687 7.08752761 5.01227902
0.27184137 5.66231038 5.5333815
0.99455724 7.8083551 4.38775386
0.49022246 6.33435206 4.35356845
0.37604766 7.34758425 5.23961723
1.06681012e-03 6.51470868e+00 4.50381221e+00
0.51306133 7.1652871 4.80588901
0.61145489 7.17431977 3.40756196
0.47096783 5.23236582 5.79637845
0.32876981 7.04116496 6.44208169
0.46370543 6.56652564 4.76905289
0.04021789 6.19813432 4.72416363
0.65974555 6.34819456 5.77882899
0.56810087 8.02769834 4.88065843
0.21092198 5.8283665 5.17178334
0.54036638 8.52760947 5.98450739
0.0295295 7.59035396 4.04794112
0.96804523 7.32637991 6.50416308
0.88945766 6.8491398 3.29236259
0.73988225 7.45865922 5.44313446
0.66096875 7.92282237 5.28890161
0.97493829 7.49899661 5.31312258
0.75825421 5.49993527 4.93999598
0.28474909 7.37634455 5.24498546
0.65282886 7.0174708 5.00799664
0.58863937 6.95452331 5.51041054
0.22413984 6.68149855 4.50922929
0.24332049 7.07676545 5.19770543
0.40444637 6.204241 4.15182147
0.4304725 7.45064996 4.32147947
0.63974309 7.60052675 3.9992928
0.12726762 8.67043277 6.37918458
0.29744812 8.05012311 4.73335988
0.07976268 7.12997112 5.70875748
0.57990549 7.79908827 4.23807118
0.0894679 6.1791272 5.46104735
0.04452208 6.99696951 3.98684661
0.45331591 7.59077067 4.29000089
0.97082073 8.24256357 6.51489159
0.94362992 7.11086309 5.81749182
0.01080828 7.44460289 6.04214849
0.42396538 6.06788864 5.31306554
0.77130754 6.41365103 5.63154524
0.06110768 5.7844724 4.87248889
0.66468796 5.21821121 6.05541943
0.9663733 8.00887263 6.14691113
0.46632807 7.6358291 4.79846565
0.93737969 8.35942362 5.22847526
0.8100188 6.54315845 5.52691731
0.82940077 7.23240048 4.84508004
0.92062305 8.13193068 4.47433901
0.11848652 7.16292673 3.92663457
0.30218826 6.34492302 5.7865345
0.53189814 7.07802952 4.11584215
0.01008306 8.51570857 5.52707135
0.28938051 7.19857095 5.56509459
0.36755971 6.64141264 5.41343728
0.90487623 8.68549771 4.97932598
0.76811451 7.72770427 5.69020459
0.09813343 6.38414958 5.37406344
0.05903071 6.09385656 4.89131664
0.37292081 5.59440151 4.85940185
0.01005754 7.56398878 4.8609592
0.77215726 6.96617736 4.62014854
0.16727217 7.89227238 6.93526342
0.1517743 6.72531111 4.18394213
0.85157867 7.22953589 5.07691418
0.41860299 7.13895357 6.59805233
0.99288263 6.26029547 4.42332787
0.13898609 7.36491943 6.19639551
0.45155099 7.46835889 5.29148687
0.41078122 6.15047902 5.76292492
0.21074119 7.48131514 4.89358855
0.11890138 6.89582882 4.12157733
0.48672334 7.78312981 5.00120627
0.95758779 6.95237727 5.1089296
0.77306464 8.12688486 6.25440315
0.28846609 5.91359163 5.44830233
0.97261102 6.18597907 4.43038055
0.59305694 6.93348086 5.38207339
0.67400842 6.72990489 3.87952239
0.46853041 7.09164867 3.31592156
0.02850577 5.35691846 5.66991397
0.81449049 6.59990237 5.27847482
0.32121765 5.948751 5.36193779
0.44151661 6.9361564 4.82231032
0.94780131 7.50907526 4.00924241
0.06262484 7.8825591 4.15363438
0.55715102 7.37068683 5.02255836
0.66241178 7.26859101 5.23740734
0.59243688 7.51398306 4.39702082
0.16967761 6.83091139 4.17764465
0.89044194 7.25750449 5.58514548
0.76859812 7.09711208 5.95540525
0.25225523 7.18980277 6.2028953
0.06495252 7.51304102 4.25247621
0.76422453 8.04283281 6.20618433
0.84903612 7.79718762 5.4293091
0.10965159 6.87279652 5.46305814
0.76890613 6.39026106 5.54406153
0.56516041 6.13861663 5.52435153
0.11897129 7.72910599 4.78079346
0.08315053 6.93637219 4.02345475
0.6080512 7.79826338 5.630342
0.33525959 7.24671468 6.23812257
0.63160371 7.56738656 5.28092607
0.1575814 8.36375605 4.51242887
0.17594635 5.68177191 4.23976873
0.48719835 7.3078665 5.23390968
0.6970728 7.24178278 4.75933265
0.76703837 7.3194402 4.76404757
0.25076447 7.22081007 4.72867678
0.09254011 6.37319182 5.60607264
0.11462239 6.82249786 4.79279051
0.5433254 6.30256785 5.67603835
0.52433968 7.6974851 3.88054426
0.17149676 7.49079904 5.79018432
0.86494332 7.11297538 4.85479299
0.53817176 6.04026223 5.11644487
0.54408814 7.63729704 5.02688004
0.0451077 6.84357272 5.27665779
0.22508235 6.0591873 6.16227851
0.57591432 8.07965284 5.48720067
0.413793 7.4153763 5.07527125
0.71137078 6.51781468 5.34777791
0.42524581 8.31005577 6.61824983
0.92861439 8.04350779 4.78051118
0.80194011 5.74265747 6.4023788
0.01076489 5.70096606 4.00226263
0.95553143 7.65709194 4.112502
0.68045673 7.66118433 6.60881022
0.42774758 6.85398233 5.09123573
0.44648465 6.50761675 4.92690575
0.40226442 5.89850581 6.80623941
0.24685345 7.05579464 6.81077696
0.76583611 6.72988104 3.98783178
0.7888302 7.91071132 5.00112499
0.46195938 5.83502081 4.61005901
0.1279426 7.2354988 5.60461199
0.51560042 7.01948131 5.32459589
0.37008938 7.18432509 5.6201357
0.18561189 7.78289797 5.76927185
0.270394 8.58198649 5.49238382
0.54843176 6.32081356 6.17733276
0.18925442 7.53521369 4.41818243
0.33656506 7.2089755 5.55901176
0.21736976 7.08649657 4.85812586
0.03816853 6.69517963 4.00414154
0.30167957 7.72568733 5.45218875
0.48761296 7.06621127 5.49768393
0.43791807 6.16591162 4.99424147
0.45754326 5.98211517 4.67068735
0.26347194 7.14162737 4.83182509
0.86602882 7.04867274 5.16555735
0.29610658 6.00403317 4.37520486
0.95170471 7.35260215 4.33557164
0.00980334 8.01622842 4.54773051
0.82621858 7.34748801 6.41779665
0.26906501 5.71790798 5.37697085
0.00786347 7.03187746 5.21630627
0.46934291 5.55796165 5.02969552
0.24145782 7.52258318 5.84771062
0.76483774 6.00761265 5.56261693
0.62157753 6.39606092 4.28184492
0.9394483 6.60034389 4.66741525
0.98829334 7.37964422 5.06913406
0.39157311 6.4699812 3.04312666
0.73115543 7.24139109 3.82758738
0.55826997 7.01903064 5.50416501
0.65051182 6.87581688 3.83016097
0.10110478 7.55361099 5.41329603
0.5061649 6.54500434 6.30513515
0.32855441 6.62036198 3.78378832
0.11899441 7.58283663 5.22041369
0.76293899 4.73353328 -0.35316823
0.18043981 5.21868948 0.08485227
0.89849138 4.92456994 -0.27445532
0.00995967 4.7746606 0.12685835
0.43968937 4.55593279 0.27529292
0.99933782 5.0001691 0.79666481
0.46323676 4.73525784 -0.08973535
0.78690238 4.7216824 0.19902928
0.94585888 4.98332744 -0.5186634
0.45921476 5.11249743 0.83466051
0.48417886 4.84123741 -0.01612527
0.64259879 6.41798174 1.1238152
0.86498104 6.24856327 0.41916421
0.87756867 5.55873465 1.52273716
0.53952626 5.7438801 1.53599123
0.89518382 5.75767749 1.26703713
0.32623532 7.13275561 1.33949742
0.25497103 5.22926235 1.18186999
0.34398085 5.076419 1.24997642
0.04528622 5.93706685 1.08800037
0.85930011 5.52458285 0.80303237
0.57978902 6.7363175 2.86088369
0.09085223 4.66061638 1.31122337
0.5904503 5.50974824 1.08051174
0.6548793 6.81676952 0.46940248
0.93211711 5.59955826 0.44282251
0.03383366 4.49653661 0.57768596
0.06971031 6.52967156 1.14457457
0.80532305 6.88233784 1.40983123
0.63348904 4.51115688 0.63316458
0.56503732 5.51485367 -0.58141157
0.61930273 5.80086406 0.40654122
0.21422747 6.37032712 1.81834666
0.77483429 4.99594542 0.64771887
0.49790624 5.45747697 1.80728819
0.07878331 7.45553724 0.36709503
0.83767703 6.23335446 1.5362896
0.07442322 6.66686445 1.6685776
0.59591323 5.5714043 1.2067857
0.68066639 6.60772507 1.79552272
0.9315439 6.98626042 0.68895404
0.19049821 5.10723639 0.68797962
0.58157383 6.38514821 1.15582828
0.74367641 5.83164923 1.28891137
0.7975982 5.18065253 1.99084383
0.25111362 5.33643701 0.23367761
0.19385665 5.28501142 1.02943229
0.12779253 5.76105746 -0.04751686
0.63992948 6.44218536 0.41444201
0.28756653 5.4510486 -0.780747
0.9576146 6.00923219 1.56175164
0.62936342 6.35196085 0.68576059
0.7678818 6.75318436 1.09012634
0.25515624 5.53634067 1.32425521
0.15285506 6.25118627 2.18266549
0.32267352 6.10944387 0.57620407
0.56564252 6.40634849 2.14425128
0.67589942 5.76354765 1.21704868
0.20331674 5.67409804 2.00327557
0.69886922 7.4350892 0.88210563
0.8982966 4.43396937 1.89608549
0.75266842 6.34649396 0.66705538
0.75125044 6.76718002 0.1224828
0.28628347 6.96716315 1.42236395
0.60910282 6.04539732 0.88912921
0.22215729 5.8551371 2.25951233
0.46789569 4.95321696 0.19921914
0.87414508 5.48083289 -0.043398
0.46681517 6.13120783 -0.67136756
0.78901763 6.08203722 0.41197875
0.3276332 6.22128504 0.81936728
0.87618936 5.34237879 1.5080111
0.46047414 5.54493524 0.32130483
0.67009376 6.66236529 2.10331287
0.45728532 4.91343196 0.18712771
0.80259516 6.23514827 1.75324063
0.96454602 6.21300644 1.50907825
0.22390915 5.35737373 -0.74789618
0.77330802 4.90687434 1.34048206
0.00736725 5.02075975 0.65272707
0.07233826 5.91969266 -0.79405968
0.41078811 6.45452507 1.26897657
0.38696408 5.54477053 1.06998951
0.32248257 5.7374839 0.37357364
0.62058662 6.75556824 0.1541347
0.54538986 5.62398419 1.86678469
0.61931482 5.41199096 0.39578323
0.5089026 5.80220407 0.91481537
0.14637062 5.37566462 1.71959689
0.08276824 6.07694376 2.14163404
0.50388275 5.79275305 0.47598163
0.77085772 5.80753402 0.73354299
0.54215773 6.03214889 0.50745209
0.20360162 7.26906722 0.25764731
0.18985959 5.19398721 0.3066991
0.43152997 6.64476412 2.39977849
0.71392721 6.58667925 1.62527737
0.40348603 5.85522605 0.29319527
0.86514681 5.93997501 1.27285635
0.95719556 6.63375157 0.68376335
0.15935301 5.64768505 0.58113385
0.29366775 5.28057262 0.99941924
0.35923299 6.4006898 1.45218357
0.96826428 5.60613337 0.51168969
0.7851788 5.66945559 0.57839396
0.51777341 5.88108456 0.76945604
0.46506506 4.66654563 1.243407
0.26194662 5.59694982 1.12871436
0.81636307 4.94403149 2.07407786
0.68249407 6.39605547 0.91316258
0.34278605 4.94582501 2.29941551
0.98858843 5.08530861 1.68647441
0.81239197 5.23326486 0.57335453
0.60734496 5.92588205 1.21114008
0.67008539 6.17660975 1.13551069
0.47630189 6.28936603 2.12560971
0.34485596 6.82513575 0.80634318
0.55503259 5.84697301 1.69171986
0.9769184 5.33002622 1.33855415
0.26971255 5.33476231 1.73339395
0.29401047 4.89378224 1.0326329
0.77572439 6.30996901 1.14888096
0.5629285 7.1520996 0.59594357
0.1037762 5.13333995 0.34740774
0.99981635 5.98849802 0.06637398
0.42040424 6.25772229 0.79811194
0.21346757 6.09017874 1.13332234
0.15756173 5.78451776 0.16969918
0.12181439 5.7365786 0.5335376
0.65153588 6.77454814 1.08097131
0.43387685 6.63519634 2.24603866
0.54901075 7.06195105 1.43956116
9.48771116e-01 6.26056883e+00 -3.99602535e-03
0.13237794 5.53696905 2.07771237
0.1136344 4.58131445 0.24865332
0.15049479 5.6403087 2.04896318
0.58739601 6.27751401 -0.15528829
0.04098688 6.59959227 1.37710916
0.57443709 5.24423265 1.53765452
0.06945722 6.42808534 1.21694265
0.13024634 5.44363192 1.21652822
0.66756721 6.95128998 -0.50852779
0.33069885 5.50719126 0.73169605
0.44570518 6.14422329 1.25570074
0.79536651 5.57627129 1.51483086
0.00993783 6.12149636 2.87796188
0.23845867 5.27761189 0.86187117
0.13742214 6.71988149 1.78981092
6.12291623e-01 4.95885785e+00 3.82085451e-03
0.65565674 4.68924167 0.80435565
0.37576413 5.48093028 0.29438017
0.81336038 5.28114127 1.20991475
0.4811474 6.0629855 1.92422206
0.22081866 5.84930461 0.67281608
0.07451552 5.42344084 0.59258646
0.89970917 5.1108848 -0.58383252
0.37990818 5.20127133 0.77394539
0.20948542 6.41682756 1.03957255
0.58027736 5.45392597 1.31862897
3.10138382e-04 5.80659890e+00 1.08159340e+00
0.51934183 5.62285408 0.52453168
0.64340768 7.22657475 1.14454561
0.90525732 5.42302031 -0.08311009
0.7686784 5.86062539 2.23143041
0.4777138 7.22838366 2.05329153
0.95781812 5.83639764 1.4237818
0.20173267 6.56485594 1.37082569
0.99415021 5.73016645 0.49871235
0.53149424 4.41923811 1.1926245
0.89564976 5.91907447 2.38597687
0.14215977 5.73892467 1.47772471
0.2476866 5.06315538 2.37018933
0.12974323 5.02069721 -0.34094141
0.89230365 5.5775709 -0.76975748
0.91150327 4.32322376 1.48355147
0.12407817 5.42235369 1.85755423
3.79653981e-01 7.36229786e+00 3.72026641e-03
0.18162031 5.97855515 1.64483253
0.62437376 5.28411076 1.31842142
0.79977551 5.97631265 -0.13686654
0.38921001 6.88716051 0.98958244
0.9862885 6.05582229 0.83765331
0.67856389 5.61887653 0.07493524
0.88972462 5.05385318 -0.07529426
0.24612799 6.89514989 1.66972615
0.00905935 4.9120931 1.29355596
9.85025446e-01 5.09009173e+00 -4.40445126e-03
0.51562377 6.43000119 0.61546482
0.69043911 5.43730133 0.9049912
0.07616975 5.48934504 2.19439761
0.75553729 5.89513158 0.35978947
0.78480244 6.59990502 1.44871137
0.70892951 6.55553355 1.79325761
0.90480011 6.70428475 1.17278683
0.61644611 5.25610829 1.69625906
0.7849581 6.77078648 0.39320923
0.00733751 6.31045551 0.72160823
0.14229346 6.49378319 -0.31332943
0.66342116 7.35851733 0.96771379
0.94629673 5.79799834 -0.14082242
0.71795412 4.99126859 1.86457777
0.69094897 5.80911094 0.89523449
0.42578379 5.83487668 0.45927031
0.41998094 5.62788928 1.32728843
0.7129917 6.58183051 -0.19184587
0.15475445 5.42358067 0.83673004
0.97491324 6.77139487 0.56726713
0.40723751 6.58708812 2.40393115
0.42658556 5.69187652 1.12004823
0.34449361 4.55703507 0.83938346
0.47322913 6.58212089 0.98376417
0.22601231 6.87330375 2.37702836
0.26824487 6.20954421 1.30363234
0.55239665 6.73135035 -0.25127326
0.46615939 6.94220908 0.30565795
0.65566877 5.20372159 -0.04705255
0.19713074 7.18016948 1.04240874
0.94417093 6.83808053 0.42277396
0.55961238 6.58957998 0.25016113
0.95504129 5.11361569 1.75282396
0.25470013 6.40088992 1.12042429
0.03285791 6.69480642 1.08888394
0.70309294 6.24469186 1.05932103
0.70961213 7.17633148 0.69423031
0.78770951 5.69221745 -0.02556998
0.08139692 6.99242127 2.26879981
0.45889503 5.64503051 0.70495566
0.11437464 4.74310059 1.33178726
0.7677682 6.90905921 1.11131883
0.60559367 5.71818696 1.52347308
0.11796278 5.97863407 2.04203931
0.41720779 6.57486388 1.24420562
0.94952403 5.47510329 0.91346481
0.76909407 5.36303292 0.55488523
0.51479623 6.59797487 1.18435072
0.5527624 6.95258467 0.98918277
0.99303188 5.0182092 0.50968478
0.15308831 4.89038564 0.69038403
0.8219034 7.35074154 0.5399839
0.96192589 7.71186548 0.63322183
0.19322113 5.53671951 0.27971824
0.08109497 5.26264633 1.16750683
0.48929 6.5698171 1.27850051
0.4943408 4.94362878 2.00067933
0.46144263 4.45855864 0.74889275
0.82917381 6.44882568 1.97506155
0.58759975 6.71504871 1.34237825
0.75674161 5.38737714 0.05825342
0.67735444 5.9720427 0.54483987
0.84923789 5.74971774 1.03955121
0.64309182 6.19638629 0.39462996
0.79722652 5.87008814 1.03304192
0.38237162 5.47629037 0.86314953
0.98786817 6.50279663 1.58036682
0.93534571 6.81056522 1.27099824
0.40388627 7.58066153 0.68132316
0.63056138 5.53419226 0.82003123
0.03741601 6.45168409 0.53508947
0.88471178 5.81446716 0.55642293
0.31723436 6.27255401 2.25185647
0.22843864 6.23352209 0.88382267
0.55579501 4.66433872 1.42475966
0.05436517 5.56411174 1.21209777
0.15284466 6.01805304 0.78172652
0.21292733 4.8419635 0.4623376
0.55486162 6.01931704 0.81380789
0.64114056 5.45146295 1.29008493
0.99358955 4.65161897 0.61056965
0.29296026 6.31707013 0.31198687
0.09230793 6.16957853 0.13522148
0.22825198 5.59853164 1.50063861
0.87772814 5.63398682 0.26222001
0.32494939 7.1242858 1.01810105
0.80883645 6.17984846 0.49778157
0.53153207 5.00611882 0.86702288
0.93532848 5.40522965 0.80314869
1.17054803e-03 6.66707486e+00 1.00636880e+00
0.69477696 5.70806436 1.35982944
0.72183473 5.65649687 0.85208647
0.61474375 6.42711021 1.68448107
0.67600046 7.57958064 0.75503339
0.15771887 6.64710381 0.71037054
0.52378259 6.74008344 0.3456331
0.49102029 6.37464991 0.7537194
0.87789203 6.320448 0.10726785
0.36236327 5.08691386 -0.26486091
0.62998691 6.14725187 -0.42485797
0.02023047 6.04204407 0.68698184
0.35074952 6.53179869 1.0659042
0.9246511 5.26548241 1.6796031
0.51639407 7.09141907 1.38513325
0.07335424 5.66065365 0.72867331
0.53552127 5.85573263 1.97517893
0.63213319 6.11473106 1.67975477
0.07221282 6.50498517 -0.28887904
0.74896459 6.683039 -0.49031597
0.32747137 6.41431312 1.62592541
0.77233708 6.46068354 1.60352388
0.90354802 5.91104703 0.94805909
0.80539142 6.21138345 0.50016374
0.12594959 7.38404783 0.31479522
0.75217195 5.65975785 -0.35965183
0.14941301 5.60382608 1.11537989
0.12928834 5.35844943 1.26251774
0.30714479 5.51876398 -0.02396858
0.29734772 5.58827331 0.79694093
0.48267126 5.30384929 2.09845682
0.36436262 6.90515874 0.95220858
0.9730761 4.73592594 1.68664724
0.71186772 6.26989109 1.2211859
0.84734245 5.49944266 0.70949288
0.23148674 6.9760493 1.53284752
0.62307246 5.56516266 0.48235715
0.776444 7.06131498 0.39087919
0.59745509 4.82012759 -0.70006537
0.77571889 6.30651345 1.41273991
0.79513646 6.29074148 0.67090702
0.54256488 5.03013382 0.33218497
0.15626197 6.74549414 1.06823676
0.61250476 5.71518117 1.52804189
0.04465658 6.74434667 -0.12361776
0.24369157 6.53847479 0.65937093
0.60165703 7.58639966 0.51594929
0.41565425 7.46145982 -0.25009445
0.17597639 6.29026004 1.51671101
0.9003231 6.85304067 -0.16833622
0.16242548 7.04826711 0.64504854
0.75018269 6.23588904 2.16442947
0.18487494 5.54684485 1.58283007
0.51970995 6.431284 1.22003369
0.05898464 4.84851164 0.6334973
0.18492948 6.56169502 2.07121842
0.3952277 6.13597564 -0.05775027
0.26753099 7.7229759 0.87228895
0.8433329 6.46897721 1.7764178
0.51203583 7.45807012 0.47186691
0.90379874 6.41587671 1.98208379
0.45306892 7.23339868 -0.0110227
0.3745272 5.83433495 1.26791115
0.47590211 5.21145164 2.02889043
0.46976938 7.08090637 0.94908315
0.57321646 6.89442397 0.90701986
0.98306573 4.66938872 0.48020631
0.22360853 5.36690087 1.53652441
0.38293624 6.7302796 -0.39309356
0.84752479 6.75176815 1.01460946
0.11850555 6.96271896 0.74239204
0.06838227 6.61567284 1.08653661
0.62498083 4.41178772 1.19425664
0.79049737 5.60488157 1.36383503
0.68654602 6.28741616 0.16958759
0.31470579 4.38826952 1.98536941
0.19888098 6.91331359 1.04455206
0.31240085 4.5555464 0.91411527
0.7629007 6.94058238 1.32232937
0.89869246 4.84754715 0.65284651
0.45670047 6.63510351 -0.2137892
0.80931018 5.32898541 0.80654054
0.89800754 5.35472235 1.42468951
0.05468657 5.69629146 2.86803236
0.99390731 6.58336915 1.30782186
0.9665911 5.50945641 0.61324517
0.21038367 4.87929453 2.37798163
0.80993935 6.13789174 1.7144097
0.46579596 7.0489202 1.47013546
0.21906389 5.65988046 0.65504011
0.99542728 5.13069877 0.73990652
0.55704969 5.90148766 1.84866011
0.94644579 6.80955499 1.22795088
0.86174201 6.52356398 1.30971651
0.62195745 6.08809003 0.78493153
0.94537694 5.50495789 0.28608847
0.91491894 6.10905508 2.2856035
0.72080389 7.87303073 0.95374522
0.9194178 5.83000182 0.03577358
0.37282893 4.87363168 1.31942642
0.50899015 4.87085251 -0.52844282
0.59083921 5.86542771 1.56724093
0.5552059 6.66946105 1.57835177
0.47979541 6.70934316 1.06523205
0.73064627 6.57807801 1.26926709
0.93768729 4.70529627 0.4952167
0.52473763 4.76809136 1.15497674
0.07049517 5.45148665 -0.0408298
0.41751751 5.55312584 0.20678158
0.16725077 5.8206728 1.49748169
0.16867207 5.97598292 0.56535462
0.27985246 6.21133419 1.03905546
0.41995745 5.30657275 1.06596186
0.25085698 5.77690788 0.93352567
0.11060171 7.08712094 1.26541579
0.7118659 4.86706258 0.07370945
0.70686822 4.84006775 0.77381719
0.06839636 6.14301161 0.92104144
0.81353962 7.43267631 1.4431167
0.47398468 5.47946574 2.73709836
0.05881046 4.62681134 1.81597045
0.6459697 4.2180589 1.69435111
0.72224082 5.4513267 2.33337416
0.34874466 5.52142547 2.39840613
0.94499397 6.25532063 2.60966576
0.16172179 6.53496594 2.68906813
