0.82282901 2.45645968 1.10992358
0.86031989 3.42201221 -0.81479031
0.10385367 2.70340686 0.32959092
0.98571988 3.62738973 -0.83123011
0.91153117 4.3649594 0.09146316
0.36548304 1.48320548 0.58140179
0.48667799 2.85937502 0.05857021
0.32704831 1.4960386 0.89979974
0.76648182 2.04752741 0.38658035
0.88333932 3.48162231 0.83130919
0.87140288 3.3156548 -0.2987973
0.34339157 2.9376163 0.606317
0.54767435 2.76697229 0.12326857
0.76458466 3.93885985 -0.35212472
0.10021316 3.57882313 0.11496594
0.24823055 3.63483797 0.83915758
0.91636248 3.11015028 -0.5629335
0.27434379 3.39083814 -0.49052601
0.6379695 3.68777051 -0.6025023
0.04169061 2.85523064 -0.98127229
0.27074477 1.30765954 0.94066397
0.58642688 3.51822289 -0.9786248
0.55904849 2.61893092 0.79601286
0.65038077 2.44383234 1.59649115
0.42870368 3.793664 0.10723091
0.04268056 2.05386874 -0.27775152
0.28829757 2.38417606 -1.77611625
0.20832473 3.26514636 -0.39114162
0.83692688 2.7550605 0.42765313
0.55531698 4.32450892 0.73498322
0.36432325 2.43282446 -0.28319143
0.81615694 2.01680778 -0.05121263
0.13066847 3.38317084 -0.92089766
0.33891461 2.1707905 0.291705
0.09748034 3.09965712 0.52210607
0.4990925 2.59763756 0.01240345
0.41688223 2.15910167 0.34386121
0.70645375 2.97526027 0.40062704
0.41917503 1.57803695 -1.22442873
0.7741194 2.88943331 -0.900348
0.39175424 3.34666599 0.49772792
0.86959612 3.50198022 0.3852594
0.61660819 3.98774808 -1.40820273
0.84697787 2.41695117 0.90065586
0.25641028 2.40736189 -0.39780259
0.48363052 2.95450587 -0.74331181
0.72463649 3.81862656 1.00688606
0.90532517 3.54858652 0.06941396
0.60793803 2.56195057 1.04682204
0.98143413 2.05888884 -0.34739533
0.67226301 1.83241765 0.61812805
0.45417644 4.2020972 -1.22640999
0.05038685 2.49754193 0.17765369
0.17314643 3.61096758 -1.57512232
0.13448969 2.33249238 0.71221241
0.81947133 4.03702474 -0.70768081
0.66990207 3.91477966 0.22874498
0.77248678 3.46524816 1.89876003
0.06114181 3.07780823 -0.36495888
0.98391801 3.30650122 -1.48668001
0.11181973 2.15902982 -0.97259522
0.70937153 2.68942902 -0.12796642
0.6414772 2.94023021 0.14233565
0.09649824 3.19531528 2.05704284
0.5713951 2.78998924 -0.28807124
0.86959407 3.51800705 -0.43303754
0.74546049 2.62445052 -0.31801661
0.88647683 4.07974417 0.19288091
0.49863975 2.4880354 -0.45892048
0.1364088 2.82028593 0.34103638
0.43446219 3.52118332 1.87927654
0.73497389 2.38181301 -0.16071742
0.38348907 3.1978653 -0.05220627
0.57146789 3.79063689 -0.97680654
0.98767928 2.72932797 0.99566035
0.50313556 3.76217971 -1.14907547
0.96689867 3.20001129 -0.59896029
0.49995989 3.24057261 -0.13026399
0.72098541 2.39506922 0.3774405
0.20017701 2.68160114 -0.0135434
0.64145772 1.64439862 0.86506386
0.78642314 3.46154195 0.64568669
0.02345228 2.23408822 -0.62369338
0.19929242 1.97879413 -0.16246331
0.86445003 3.42918146 0.16124442
0.10991961 3.60499883 0.91371244
0.00568707 1.27904855 -1.79221135
0.98705491 1.56732538 0.38763457
0.64473154 3.26753443 0.11818968
0.71643631 1.45789972 -1.17645508
0.03931926 2.41904039 -0.01862029
0.32186117 4.60644239 -0.21687051
0.92731075 2.54504882 -0.00262484
0.80902295 3.61697055 0.30984741
0.8355053 2.59991411 0.88488571
0.33421758 2.92915201 -1.4081592
0.20260894 3.66086927 1.33925897
0.04377166 2.27386256 -0.99362197
0.67755554 3.07469133 -0.15429888
0.9967853 3.53110498 -0.16261602
0.02100546 2.22887926 0.06002131
0.78013827 3.48624808 -0.26057984
0.72501359 2.65446502 -1.67499482
0.16530772 2.12911879 0.5188656
0.21459564 3.32179011 -0.82970548
0.03401805 3.18668644 -0.48403834
0.52952737 2.24189852 -0.40510567
0.58147435 2.78626154 0.44802409
0.63882431 3.09188009 0.02837144
0.61925658 3.80662562 0.62681796
0.92612114 3.16330778 -1.06231166
0.97101448 2.05827999 -0.61390452
0.93090843 2.00467637 -1.17437535
0.8575737 3.85223655 0.38745338
0.70358498 2.35381887 1.43144735
0.29454953 2.7145543 0.17991479
0.92470689 3.09806302 -1.17725643
0.17293726 3.36148056 1.33684212
0.3564799 2.39229219 1.13332102
0.36175766 3.64909139 -0.06300903
0.63543938 2.08495007 -0.10555225
0.23834591 2.09066119 -0.37831097
0.49432134 3.68661461 1.4371209
0.10134015 2.69275863 0.56492262
0.7408187 2.91914951 -0.30751098
0.32682785 4.53940624 -0.6919564
0.66465499 3.24660397 -0.89236064
0.25867462 1.02267925 -0.75350761
0.96145331 2.19875908 0.80956083
0.58496032 4.43157361 0.27050749
0.82026858 3.11875942 -0.09074415
0.11464572 1.88081467 1.1518994
0.24345567 2.95906291 -0.82944233
0.46404454 3.29666033 -0.61638821
0.80775496 3.10583518 0.28228393
0.11733507 4.50775639 -0.4280465
0.56289919 2.65900509 -0.41822399
0.4015398 2.75030848 -1.09825409
0.95259486 3.74067085 -1.44748618
0.15187394 3.62865608 -0.17906408
0.18535587 2.17332941 0.54829041
0.93332275 3.8121523 -0.19111106
0.64870161 1.53415216 2.0991807
0.53491295 3.78458461 0.25403833
0.48252165 2.63276647 -0.32996352
0.44443509 3.11579579 0.11256862
0.31502212 3.42400395 -1.04440178
0.80343894 4.19952597 -0.63053059
0.6669012 2.41319784 0.27150165
0.65018948 2.39125818 0.03469138
0.06346213 1.2267794 -0.63145845
0.61672672 1.50015177 0.91621507
0.45712233 3.7836384 -0.08841129
0.60754252 2.45317151 0.36904631
0.30795754 4.0432874 0.87135923
0.80696596 3.42762313 0.32901805
0.87430859 3.6365614 0.1339778
0.70699186 2.60030382 0.40440884
0.36976948 2.94097415 1.32815631
0.31161082 3.10239297 -0.32955189
0.50949875 3.56894642 -0.24374119
0.36374466 3.19681084 -0.10638822
0.91283269 2.06870742 0.74880882
0.95707198 1.54716771 0.97503585
0.34840923 4.1249728 0.71521414
0.9506181 3.17028402 -0.68186769
0.85199196 2.85829008 0.75885099
0.41707002 1.79397087 0.67774664
0.80977239 2.79605069 0.83444128
0.1333779 0.84247288 -0.66626171
0.47487989 2.90714277 -0.21814416
0.40561622 3.59555149 -0.73229095
0.05680911 2.30957215 -1.1068274
0.06711446 3.32331178 -0.61496118
0.45502184 2.40987708 -0.72836453
0.24335226 1.94299334 -0.57156531
0.52401454 2.03912916 0.39542446
0.02319554 2.70364082 1.5183208
0.02411397 2.57676243 0.54283548
0.09726595 2.57768812 -0.3851049
0.75459975 2.41409217 0.48626662
0.3021893 3.10388536 -0.82356053
0.06067222 2.9870568 0.79256461
0.32071099 2.61571901 -1.41862011
0.273385 2.89643091 -1.19651497
0.62684147 2.05685721 -0.39992833
0.30499992 2.79267642 -0.42167941
0.15389039 2.28867315 2.01606813
0.84167583 4.18206378 0.84597757
0.97608682 3.33356025 0.62968209
0.60161454 2.98252861 0.57217227
0.89607227 3.01233607 0.16775177
0.39585599 3.05095466 0.35598125
0.43945863 2.63259624 1.16161804
0.4842893 3.6474486 -0.90934888
0.84329912 3.5997146 0.64362762
0.73515819 3.49174243 0.18455241
0.77632005 2.64065786 -0.3228496
7.44561001e-01 2.10585222e+00 -1.48676500e-03
0.33425549 3.73678846 0.57545044
0.77878724 3.39480121 -0.09648539
0.55592459 3.07868737 -0.30726229
0.33899641 3.1165138 -0.84357893
0.22234346 3.52196471 -0.9183046
0.78532307 3.70121987 -0.3186732
0.47726567 2.80293438 -0.3123966
0.68608029 3.67646998 -1.12046459
0.15316161 2.56427513 -0.48250537
0.52433826 2.93877797 -1.58875555
0.87476736 3.84351123 -0.01227338
0.0763703 4.04233443 0.42391976
0.87217638 3.65826942 0.56145638
0.24222376 3.22097005 0.55748679
0.48713679 3.10934845 -0.50051221
0.53598805 3.33164364 -0.8118314
0.99318166 2.06453804 -0.83969129
0.78894189 2.77035048 -0.29916905
0.70067065 2.48979327 0.93315315
0.49138782 3.1846965 -0.69504293
0.40969421 3.62080862 -0.72013947
0.26468044 1.70986132 0.04572757
0.60114382 2.96761898 0.2075019
0.79348151 3.24006927 0.36862694
0.11818532 2.89587219 -0.3977671
0.51468997 2.21405632 -0.71527735
0.21065895 1.6064231 -0.11155843
0.60357526 2.84953516 -0.26188133
0.37206072 3.20483347 0.73738659
0.12846431 2.4760298 -0.52624313
0.60124725 3.46894457 -1.10588025
0.22884291 2.4530505 -0.53143968
0.77623937 1.59118823 -0.51651039
0.55492393 2.78801111 0.16965699
0.89137191 3.07851107 -0.00879844
0.89194442 2.11937979 0.13214641
0.94645008 3.1377911 1.21846414
0.30350491 3.42263115 -0.19213322
0.24495044 3.88708345 1.08163115
0.69460469 2.28829689 0.62829161
0.66999557 2.93211916 0.31043489
0.69271527 3.41553634 0.05266393
0.85884151 1.67029987 1.26341729
0.11197698 4.35466746 0.62611514
0.94489884 1.06862695 -0.89298079
0.22371964 4.16391145 -0.10316534
0.1946042 2.52653302 0.85323992
0.43144081 3.85527569 0.82358568
0.73304542 4.10293722 -0.71438201
0.39861683 0.90247537 0.03016163
0.22161585 2.08649155 -0.58152864
0.39449783 3.27229336 -0.33252285
0.41932669 3.67077545 0.43369235
0.62096713 2.67270437 -0.44722282
0.47644169 3.18679161 0.20799544
0.15065627 1.96281703 0.02115812
0.31746437 3.12016315 0.52704736
0.46094204 3.19471742 -0.17904142
0.87671845 3.57300262 0.02133225
0.78615331 4.10544286 1.20542074
0.28514756 3.2686272 0.4491893
0.78838181 4.02441255 -0.82040737
0.98566333 2.97395126 -0.12132056
0.25677029 3.41525958 0.81957449
0.0372116 2.56971825 -0.29184124
0.74091157 2.59623746 0.40643273
0.4610954 3.52267659 0.71305039
0.81019928 2.1249375 -0.56184408
0.75220327 3.64350318 1.39202096
0.23401301 3.22713135 0.98664694
0.61224178 4.11721245 0.84835729
0.8036899 2.65733667 -1.00059863
0.87432921 2.36241658 -0.77052455
0.79531689 1.02889954 0.63847917
0.30045086 2.33867299 0.72531828
0.78356246 2.72111578 -0.20536471
0.21348209 2.36251047 0.71695848
0.46543328 2.05982809 -0.45943992
0.82461016 3.48096817 1.27238384
0.60993388 4.25213654 -0.44946135
0.77829696 2.17952151 0.13932463
0.25888256 2.8953371 0.30712921
0.0910897 3.93246706 1.16747021
0.11041073 3.34887862 0.52599537
0.14193514 4.30462429 -1.60747339
0.06380793 1.67941751 0.63394055
0.29618543 2.15184714 0.27664532
0.45411907 2.94516195 0.97660104
0.99462998 2.40556669 0.14042597
0.13565819 2.975718 0.96191974
0.96246387 3.72103179 -0.19016929
0.32051847 2.36697828 1.75486662
0.39772125 3.11522533 0.40531833
0.40459922 3.18231107 0.34674516
0.67625398 2.7823572 0.15839175
0.46528433 2.98622317 0.0808827
0.17035406 3.08631371 0.14089247
0.43354754 3.96661332 0.07104707
0.27629467 2.68713804 0.02579239
0.29479347 4.18085143 -0.36825883
0.58634935 2.62679928 0.82654057
0.87255449 3.72525148 0.61351618
0.23301931 4.10806162 0.96130095
0.21451582 1.93851613 0.90744457
0.46130001 2.86389018 -0.3198582
0.24469821 3.55793879 1.14005885
0.42628083 1.81488681 1.01706819
0.93765227 2.1443322 0.75780987
0.08210537 4.49620804 -1.14227765
0.0601568 3.36500471 -0.07175801
0.56084566 3.39070003 0.80812606
0.99132253 3.40646795 -1.5507093
0.70987019 2.11771912 0.37926797
0.26107464 1.88339858 -1.11450023
0.95958614 3.79060337 0.5856301
0.38005975 2.97621411 -0.58973651
0.25521429 2.58854852 -0.11837478
0.04035406 2.25213544 -1.20697605
0.71548001 3.01599489 1.56112606
0.31557551 3.14997187 -1.54785638
0.99708988 3.25374406 0.18933145
0.24220587 3.49016536 -0.14529729
0.79548323 3.56552262 0.89469478
0.77019589 3.85836572 0.40524854
0.35192228 2.91604483 -0.4378836
0.62044558 2.56133814 -0.28220406
0.09672033 2.37339734 -0.24757568
0.30859905 1.39502573 -0.74673118
0.37576524 2.65214614 -0.74560874
0.16036379 2.49996135 -0.67937782
0.39424964 2.93319298 -0.69840302
0.77549068 1.8356537 -0.23662822
0.53997559 1.56006062 1.22286033
0.26928388 3.81973848 0.5439388
0.41969263 2.99039248 -0.21779035
0.34561596 3.66556189 0.21109139
0.83342375 3.38998226 -0.78092654
0.68767974 2.11043993 -0.22842803
0.46012722 1.46074237 0.25176756
0.05010012 2.78647618 1.9748774
0.91286795 3.34170764 0.4518187
0.67608046 4.01603006 0.60916826
0.11871977 3.50696459 -0.58253969
0.72110363 2.62491767 0.06629557
0.16361093 3.73562868 1.24837958
0.77680739 1.76059702 0.71655968
0.39693804 2.39326492 1.04174355
0.14834223 4.00204121 -0.64142502
0.50664222 1.84832704 -0.84792098
0.95896271 2.4208286 -0.32779447
0.7509424 2.57099383 0.02230212
0.9536305 3.45041225 0.18450126
0.18671943 3.19361509 0.91306609
0.45666996 2.23568724 -0.71231108
0.80212562 3.42125127 0.09100413
0.09427698 2.94777449 -1.53017949
0.87498045 2.56282255 -0.11895498
0.72629398 3.46593113 0.18983424
0.36351601 2.32903612 -0.64418579
0.28973633 4.27132833 -0.51447703
0.31471251 3.35217387 0.557923
0.81323465 2.2378953 0.41730261
0.76319878 1.03103911 -0.5496676
0.89615464 3.38416735 -0.98715629
0.659588 1.93206367 0.0839245
0.10337661 3.56142391 0.27816131
0.29192137 2.96629113 -0.61146406
0.16703347 2.0265943 0.85819384
1.17753391e-01 2.35485941e+00 -1.63876871e-03
0.35050053 2.10964133 -0.18615336
0.58695617 3.93557566 -0.78394366
0.89523254 3.33220771 0.48084164
0.63817387 2.09936195 0.25867173
0.74297257 2.83855905 1.03146592
0.30866519 2.45920219 0.33805381
0.55481098 3.01761289 -0.24968482
0.4545717 1.9726084 -0.16092959
0.75229173 2.56361883 -0.63318988
0.06905319 2.7451286 -1.01117684
0.86488617 2.90007095 0.53031666
0.97591004 2.44359713 -1.05923245
0.71250601 2.63552091 1.21443889
0.95728984 3.88206219 -1.1832207
0.46620659 3.52560199 -0.14197999
0.82037028 4.51754435 0.2110949
0.92172486 3.09309031 0.17999591
0.23780114 3.35017559 0.28440024
0.1239464 3.06051481 0.18278135
0.93468239 3.86616592 -0.50090402
0.57126413 4.24537572 0.45702592
0.48085165 4.0350386 1.27682429
0.99040972 3.84770018 1.88127166
0.27739519 3.66987023 0.3359585
0.35986398 4.63977076 -0.85455377
0.14588718 4.42002359 0.39449429
0.67884742 2.69832402 2.14087936
0.96863872 8.50782229 1.83180087
0.83721107 7.50018644 3.03771599
0.71262045 7.88511838 1.64900312
0.49018861 7.64830603 2.15663397
0.70288114 8.03746226 2.18389149
0.65643828 8.60182592 0.58229388
0.8139845 6.95269346 2.77030877
0.3609389 10.38640029 3.94164426
0.59455777 8.97028776 3.11331554
0.60303746 9.04060131 2.55823388
0.33110089 9.76265641 3.57704704
0.12326773 8.3828392 4.06259988
0.144837 9.66896504 2.85165301
0.63144321 8.5343734 3.84886116
0.45008207 8.33590088 3.52072955
0.68819753 8.18981438 4.21040637
0.17999374 7.69026944 2.26227402
0.73357532 8.50394878 3.95324032
0.00923631 8.40088894 2.31175616
0.87314446 9.16425042 2.16101361
0.76589428 8.15235458 3.13344341
0.53816049 9.02184995 3.03360723
0.28512431 8.095135 1.92722029
0.06534366 9.75527806 3.97631487
0.3459986 8.40026348 3.24219054
0.1169254 9.97801686 3.22978268
0.13327892 8.89055478 3.25112775
0.76710049 8.17189026 2.11904923
0.24200725 8.44409489 4.36361939
0.9739314 8.55398636 2.70321554
0.38929067 9.60018693 2.44216856
0.52112955 9.6586081 1.53585061
0.27275146 10.10585652 2.42042034
0.58867144 9.56710268 3.77656328
0.38525092 7.86830606 2.33686681
0.65846957 8.83971273 2.77746739
0.75675543 9.29601151 1.96124613
0.5669679 11.18444203 3.12128658
0.29196039 8.17605988 3.13540701
0.32191903 9.93684551 2.2652764
0.55629909 9.80565264 4.43645914
0.1398386 8.79016295 3.59367392
0.70956329 7.93809238 3.78057894
0.91042214 9.20319524 1.14056612
0.83785906 9.80682448 3.94130938
0.41627804 8.55393578 2.28945895
0.33605516 8.50318973 2.55053735
0.61097157 7.97274673 3.2191465
0.01237706 9.65080365 3.07633408
0.53690901 10.18121295 2.93597137
0.59408513 9.51084757 4.23022065
0.41061812 9.94178385 2.87553729
0.05150152 10.22801431 2.76590645
0.17949694 9.52814695 2.22229439
0.08617189 10.04221464 2.78767267
0.43250443 11.28904025 3.54167435
0.36385861 9.71343775 2.35017293
0.49522655 9.01831424 2.13615945
0.09352886 8.96889315 1.72052875
0.73059102 9.09405861 3.85628229
0.04132003 7.7672346 3.65787908
0.06936532 10.71669707 3.66966346
0.05246561 9.3369604 4.11074815
0.42981628 9.43342904 3.80083908
0.86589204 8.93005452 4.61447619
0.32494224 8.56193095 2.99727962
0.1336856 9.34797865 3.29065649
0.08103356 8.59308707 2.67535605
0.18106054 7.9012716 3.98427094
0.76851195 9.54512962 2.92004125
0.20723868 9.11008583 1.73594333
0.45171202 8.45520241 3.51022488
0.3678833 9.96255943 2.73173367
0.5346926 9.54691649 3.48291014
0.58058388 8.46466046 2.4643631
0.59156955 9.32990422 3.44635732
0.4199723 9.42406844 1.11953011
0.59357573 10.41874776 3.21814038
0.29201589 8.6195267 3.34845274
0.3325491 7.04837965 2.82152413
0.43364012 8.42487312 2.90004837
0.14791044 9.25007843 1.77078348
0.08938814 10.14243134 2.64642555
0.35347925 9.50636643 3.615963
0.84048192 9.30172728 3.85258603
0.43454768 8.81232067 4.27031847
0.53268035 8.28457077 3.84959981
0.12216454 9.08068689 4.16863525
0.42717232 9.3475595 2.24297796
0.34432304 9.45380965 2.19401527
0.37624684 8.06863438 2.54006995
0.53932961 8.97825517 3.10755297
0.48557566 8.59694482 4.03587904
0.29701394 8.21171434 3.19383976
0.57000108 8.89583091 3.53517077
8.06991272e-04 8.71853728e+00 1.92561620e+00
0.56640075 9.5319368 2.89265538
0.48109489 10.06894861 3.49061017
0.43433652 7.62480185 3.11751829
0.77231309 10.32108014 3.55695374
0.81635708 9.3490185 2.7624019
0.59951274 8.8287895 3.66242575
0.79127793 8.93398316 2.44591132
0.98293844 8.31204172 2.37234008
0.43031473 10.31807419 1.97312872
0.76741705 8.81712897 3.4052479
0.71339107 9.01547046 3.05882137
0.5577348 8.5063794 2.96300996
0.08016662 10.25134567 3.36175673
0.84941166 10.84645191 3.04911544
0.1659348 7.46672108 2.51438915
0.30086542 10.21012414 3.36202079
0.13174538 8.16333254 2.55813466
0.69427901 10.86344155 3.20439646
0.255549 9.42826353 4.13143395
0.31286574 8.34816761 2.7634113
0.83831293 9.03570951 3.50487003
0.7997717 10.34453253 2.51474023
0.15185877 8.79360294 3.31833547
0.38380851 8.7997146 2.62584035
0.9125119 9.05509933 3.24225593
0.23062931 8.02262168 3.88451317
0.06300608 8.69445057 3.95494115
0.17478649 8.39532916 3.32876493
0.87885787 8.65604285 2.69558327
0.76762282 9.28278431 2.98204544
0.09476313 8.81640724 3.01169158
0.85540158 7.8998768 2.17430923
0.07140767 8.45066929 3.84072445
0.92488713 8.41012505 2.44046194
0.29259322 9.62637708 2.94074827
0.49355378 8.13982217 3.21180885
0.78012027 9.53562421 1.10218511
0.19284222 8.71642258 3.02781945
0.01330368 7.98935299 2.07779492
0.71342599 8.44774636 3.13374942
0.24264441 8.34027409 4.03482516
0.08330316 10.18954891 3.40620001
0.11914771 8.2146754 2.16329633
0.88277928 8.86973072 3.5849175
0.55262425 8.36379184 2.44854176
0.06160012 9.34736202 2.33138942
0.31293121 10.33449731 2.72744009
0.46970528 8.49044342 3.75902694
0.80266644 8.94689681 2.86825525
0.60291114 8.82012816 3.31498608
0.36953142 7.95601832 2.21463212
0.95654571 7.94592842 2.40773707
0.31727702 9.07836114 1.79356069
0.60221703 10.88086971 3.10925322
0.49387917 10.09791303 2.58278609
0.64702422 8.44667681 3.22957131
0.04048925 8.38484044 3.01248654
0.28936714 9.04397212 2.42573582
0.92704313 9.40043616 3.03709306
0.69334792 9.25365354 2.76423581
0.48082177 8.6283588 2.37462628
0.45823406 8.99838275 1.85992775
0.05729922 9.26254081 1.67748698
0.91689109 8.840182 1.19658504
0.55477274 8.09411381 3.17999359
0.11056001 9.354992 3.13210484
0.20865574 9.9463331 4.4699259
0.65531768 8.2009247 2.04974317
0.732783 9.3211224 4.85989472
0.55326494 8.20653406 3.32861383
0.74388588 8.75505859 3.90117267
0.09550164 9.55625463 4.11900928
0.44559216 8.62357837 4.28136761
0.93986745 9.23909046 3.01177427
0.47496963 8.408555 2.5195233
0.24772004 9.62161187 3.17277558
0.86688725 9.67506017 3.98884072
0.08034099 9.61380808 3.96990707
0.97984545 10.40716302 3.72711939
0.83723393 8.86739656 3.60748589
0.61466302 8.06043612 3.77343624
0.1913626 8.89392298 3.49729154
0.1277638 9.47191831 2.12480012
0.30139657 10.09636763 2.11512127
0.90465433 8.84946006 3.42060557
0.98448972 9.50865846 1.54161713
0.48065831 7.7285255 2.47930867
0.67085893 8.6366972 3.13971164
0.48375231 9.09984509 3.7512602
0.29301108 9.33248644 1.90360869
0.24993293 8.94384211 3.65222934
0.94657894 8.40607309 2.35254416
0.68289148 8.35585733 1.80108403
0.74252536 9.02868955 4.29268172
0.90888563 7.89445295 2.36955632
0.43090067 8.33543134 3.59378511
0.51843482 8.44128204 1.18406521
0.49338533 8.55810567 2.63138395
0.53659502 7.905005 2.4703382
4.66675156e-03 8.39154648e+00 2.59963459e+00
0.79212439 8.35850983 3.72922267
0.09610466 9.04230096 2.07743647
0.80875013 8.98389279 2.62289126
0.01056017 8.63971929 4.06541467
0.79746707 9.32903794 2.53904457
0.7809566 9.36306201 4.3584342
0.16758708 9.4248015 3.7431933
0.16884986 9.88009731 2.69747665
0.88263153 9.25911258 3.3836717
0.0586221 8.89037809 2.5092027
0.11565099 10.27281592 3.50073095
0.4700906 8.18234748 2.98421074
0.08432572 8.73120253 3.44361103
0.26220346 10.10800744 2.89902953
0.90699869 8.73028801 2.72638929
0.06649132 9.58044377 1.93807006
0.58455705 9.18024979 3.53953476
0.05473021 9.3265352 2.90314369
0.79892266 7.6493957 2.16256222
0.55585571 8.87936273 3.11901551
7.54248199e-03 7.90512006e+00 2.90154755e+00
0.704639 9.75472314 3.97645774
0.41249103 9.00687872 3.39746174
0.91573182 8.59728196 3.43803099
0.91808789 9.4181218 3.16101351
0.45488458 8.46621946 3.5055729
0.06033472 10.53752912 1.83663466
0.80065825 7.50666403 2.67059925
0.37739945 8.16975061 3.0593265
0.28145747 10.47973111 4.26860228
0.90818134 7.47566234 2.95477004
0.52129242 8.63687148 3.43636426
0.44594653 10.64346233 2.041332
0.58204951 8.027306 3.61631834
0.96321841 8.91958967 2.4741536
0.65320082 8.87134655 2.54539911
0.82225168 8.57185517 2.63659404
0.42310091 9.16506818 3.11781366
0.13200095 9.7984216 3.20706543
0.16701451 9.07442485 2.24594457
0.07147219 8.49761218 3.0672813
0.3323347 9.12000937 2.21484485
0.75297053 8.94112594 4.0724167
0.51629723 8.7500224 3.21231882
0.42047513 9.68680964 3.66369981
0.2873563 8.0497973 2.06470758
0.28568804 9.02363128 2.57182976
0.87241109 9.17665256 2.29260105
0.44564157 8.37132409 3.47142834
0.05045175 9.75213623 3.46360021
0.83449921 8.51199761 2.99152515
0.19460537 7.93639569 3.10542545
0.8809374 9.99086241 2.47828463
0.84008057 9.4022444 2.27101357
0.77340616 9.93891521 3.40194152
0.8333513 9.69106275 2.37078283
0.81573198 8.32524203 1.88168743
0.23557433 8.18557246 3.21665003
0.48976953 8.73680808 1.91238402
0.63431891 9.76566139 2.82748046
0.59040893 8.43668642 3.34046204
0.40039942 8.7477959 2.90172655
0.6264974 8.80099178 3.81868699
0.31403935 10.46975132 2.14573942
0.66665968 8.30955504 2.75388184
0.0849498 8.37019013 3.08729563
0.71291739 9.33271921 3.86138794
0.52719165 9.4593742 4.72934989
0.42470734 10.52103971 2.50190574
0.50639337 8.35784348 2.58716515
0.6957131 8.25451844 3.88392797
0.89732667 10.24194829 1.21715866
0.77425596 9.81165519 2.64008559
0.31793167 10.352261 3.83815555
0.07695133 8.11922424 2.82197522
0.76412647 8.44865972 4.0654543
0.26880103 8.75520064 3.4823392
0.23959536 9.17406597 2.62778139
0.55380062 9.21487698 2.65341048
0.25629509 8.4943518 3.86590392
0.35966284 9.04001019 2.3244387
0.70452623 9.10991144 3.13570374
0.87475082 8.81461237 1.99980166
0.31711751 9.74906314 3.70253234
0.4615521 8.07360723 2.30147309
0.45728066 10.71906234 1.84682543
0.26316004 8.50756737 3.6298598
0.9435067 8.80157199 2.60697203
0.30184764 9.83656019 3.76694291
0.28531796 8.07233062 2.74550136
0.59289479 8.08664338 3.60448608
0.90140533 8.54094659 3.20123153
0.88679383 10.24524016 2.72497026
0.63103601 9.22468829 3.289887
0.72702622 9.54672388 3.0346797
0.70530884 9.6436893 3.8681522
0.45400942 9.16019791 3.50510496
0.21020308 9.0694937 3.61891519
0.41419903 8.86851837 2.84070206
0.10317604 9.30101275 2.03947977
0.44854439 9.12187648 3.95239205
0.74828963 8.46320016 4.27303184
0.5950179 9.781784 2.23873822
0.50753861 10.30405095 3.52888807
0.49891254 8.16992125 2.23168481
0.21531771 9.40034281 4.69783096
0.62421509 10.3227984 3.52116716
0.85320586 8.12502685 2.13446916
0.72647124 9.01534528 2.98603147
0.23005525 8.36035259 2.70590809
0.10766986 7.16735912 2.84860688
0.46393695 9.45545817 2.16146064
0.82834668 8.73123915 2.9199429
0.39304677 10.71262057 2.5106681
0.3650724 7.87935158 3.52071577
0.77145718 9.90483588 2.3706247
0.16112184 8.66867393 3.43249654
0.02457268 10.21169758 1.92641126
0.75225357 9.45464185 1.52473272
0.59912057 9.51885084 1.63973552
0.60702683 8.81220007 2.08336638
0.76796732 8.7508045 3.59340252
0.98623876 9.32870351 4.20666894
0.74922471 7.27985651 3.00706192
0.93179735 8.25317343 1.83215167
0.82229751 8.79295553 2.15813754
0.27903105 9.92348129 2.91427962
0.64506176 9.30175839 2.02834838
0.98962379 9.08036947 3.37514723
0.02820485 8.95799961 2.41587607
0.77503831 10.17639953 3.47059683
0.23625021 9.44352599 3.27479504
0.10231085 9.2247834 2.93501095
0.52692921 9.51223394 2.60490964
0.07871973 8.66680449 3.11725262
0.20737623 9.56206315 1.62483115
0.05846428 8.55447336 3.85846664
0.45797019 8.92622657 2.78311023
0.55636345 9.54742492 4.97149717
0.54923249 8.37279585 4.18908715
0.62311796 10.42172535 2.85407709
0.45705977 7.98778576 2.8036982
0.13875295 9.30984474 1.07353618
0.42854385 8.10883191 3.13443765
0.77057846 9.94141752 3.00895577
0.03401172 7.90488314 3.80772136
0.8302516 9.29288684 2.06172084
0.55626916 9.49152915 1.69923783
0.79939601 8.7110362 3.68572295
0.83975109 9.04083654 2.35218033
0.57905314 8.71497569 1.70439199
0.94538419 8.80988138 2.87995977
0.11943318 9.58567505 4.41017666
0.64038978 8.16747075 3.28034254
0.05047308 8.22519415 2.90852069
0.33868976 7.8641589 2.28574945
0.28982229 9.95263307 3.77084077
0.59919015 8.0439831 2.86820805
0.36351336 9.45101403 2.16622372
0.7263102 9.15779248 3.3092396
0.21822956 8.00996635 3.65745204
0.43057083 8.80024429 2.34144376
0.43465577 8.47234209 3.44270435
0.12938238 8.89472916 2.16079525
0.60197756 9.03424917 3.02062833
0.08010535 8.90336783 3.99859448
0.36333801 9.36634985 2.26116315
0.12424149 10.00486476 4.49641738
0.79033869 9.19319107 2.24631466
0.35528747 8.91560887 2.83560068
0.59624448 7.95610873 3.10862007
0.3012593 8.79690757 4.26421639
0.91208775 8.71793557 1.51945781
0.32526109 8.41659973 3.71960433
0.69185866 8.24025208 3.62300693
0.53846527 9.31510031 3.38793616
0.04947241 9.78152643 4.3189011
0.53396763 9.21710184 4.43816311
0.57395466 8.67971109 3.04596638
0.69915678 8.36707243 2.90152292
0.892039 9.01746897 2.30174005
0.72265711 8.01087077 2.51863049
0.87492635 8.97599291 2.39200926
0.70394678 9.09025137 2.28754603
0.07057655 9.25503868 3.1989264
0.26430615 8.9049813 1.4144918
0.14301076 8.34499204 3.54971624
0.29129487 9.07514716 4.53966016
0.47905944 9.75419156 3.9003795
0.27788607 9.01008214 2.88720378
0.96907187 8.87745703 4.5561593
0.84749473 8.44021506 2.98118281
0.48878065 9.49470315 2.18591931
0.24236564 8.2516706 1.85735359
0.90042419 8.40120411 3.96437036
0.00978648 7.89355321 3.9227174
0.17406144 8.89781289 4.59141274
0.2512549 7.70527852 3.79991965
0.71923243 8.69659943 4.28039652
0.61528512 7.9586322 3.9362186
0.2782771 7.7025358 3.09154793
0.57855056 8.51680452 4.36707225
0.89153538 8.54716605 3.73295136
0.08132785 8.1468797 3.88275444
0.83601705 8.44583944 4.07240743
0.55838158 7.68223563 3.48782397
0.20176827 7.75191083 3.19024374
0.31186594 9.11798228 4.26377464
0.99069073 8.39124788 3.97367976
0.09853265 8.25539721 4.1807056
0.49712478 8.24504911 2.97557958
0.89047218 8.1919783 3.87495835
0.78054346 7.39927638 3.42619167
0.8440802 7.88252695 3.59105475
1.37918840e-03 8.54436908e+00 4.59915148e+00
0.87864765 7.88337601 3.94109938
0.9792873 7.43073568 3.30258673
