0.76293899 4.73353328 -0.35316823
0.18043981 5.21868948 0.08485227
0.89849138 4.92456994 -0.27445532
0.00995967 4.7746606 0.12685835
0.43968937 4.55593279 0.27529292
0.99933782 5.0001691 0.79666481
0.46323676 4.73525784 -0.08973535
0.78690238 4.7216824 0.19902928
0.94585888 4.98332744 -0.5186634
0.45921476 5.11249743 0.83466051
0.48417886 4.84123741 -0.01612527
0.64259879 6.41798174 1.1238152
0.86498104 6.24856327 0.41916421
0.87756867 5.55873465 1.52273716
0.53952626 5.7438801 1.53599123
0.89518382 5.75767749 1.26703713
0.32623532 7.13275561 1.33949742
0.25497103 5.22926235 1.18186999
0.34398085 5.076419 1.24997642
0.04528622 5.93706685 1.08800037
0.85930011 5.52458285 0.80303237
0.57978902 6.7363175 2.86088369
0.09085223 4.66061638 1.31122337
0.5904503 5.50974824 1.08051174
0.6548793 6.81676952 0.46940248
0.93211711 5.59955826 0.44282251
0.03383366 4.49653661 0.57768596
0.06971031 6.52967156 1.14457457
0.80532305 6.88233784 1.40983123
0.63348904 4.51115688 0.63316458
0.56503732 5.51485367 -0.58141157
0.61930273 5.80086406 0.40654122
0.21422747 6.37032712 1.81834666
0.77483429 4.99594542 0.64771887
0.49790624 5.45747697 1.80728819
0.07878331 7.45553724 0.36709503
0.83767703 6.23335446 1.5362896
0.07442322 6.66686445 1.6685776
0.59591323 5.5714043 1.2067857
0.68066639 6.60772507 1.79552272
0.9315439 6.98626042 0.68895404
0.19049821 5.10723639 0.68797962
0.58157383 6.38514821 1.15582828
0.74367641 5.83164923 1.28891137
0.7975982 5.18065253 1.99084383
0.25111362 5.33643701 0.23367761
0.19385665 5.28501142 1.02943229
0.12779253 5.76105746 -0.04751686
0.63992948 6.44218536 0.41444201
0.28756653 5.4510486 -0.780747
0.9576146 6.00923219 1.56175164
0.62936342 6.35196085 0.68576059
0.7678818 6.75318436 1.09012634
0.25515624 5.53634067 1.32425521
0.15285506 6.25118627 2.18266549
0.32267352 6.10944387 0.57620407
0.56564252 6.40634849 2.14425128
0.67589942 5.76354765 1.21704868
0.20331674 5.67409804 2.00327557
0.69886922 7.4350892 0.88210563
0.8982966 4.43396937 1.89608549
0.75266842 6.34649396 0.66705538
0.75125044 6.76718002 0.1224828
0.28628347 6.96716315 1.42236395
0.60910282 6.04539732 0.88912921
0.22215729 5.8551371 2.25951233
0.46789569 4.95321696 0.19921914
0.87414508 5.48083289 -0.043398
0.46681517 6.13120783 -0.67136756
0.78901763 6.08203722 0.41197875
0.3276332 6.22128504 0.81936728
0.87618936 5.34237879 1.5080111
0.46047414 5.54493524 0.32130483
0.67009376 6.66236529 2.10331287
0.45728532 4.91343196 0.18712771
0.80259516 6.23514827 1.75324063
0.96454602 6.21300644 1.50907825
0.22390915 5.35737373 -0.74789618
0.77330802 4.90687434 1.34048206
0.00736725 5.02075975 0.65272707
0.07233826 5.91969266 -0.79405968
0.41078811 6.45452507 1.26897657
0.38696408 5.54477053 1.06998951
0.32248257 5.7374839 0.37357364
0.62058662 6.75556824 0.1541347
0.54538986 5.62398419 1.86678469
0.61931482 5.41199096 0.39578323
0.5089026 5.80220407 0.91481537
0.14637062 5.37566462 1.71959689
0.08276824 6.07694376 2.14163404
0.50388275 5.79275305 0.47598163
0.77085772 5.80753402 0.73354299
0.54215773 6.03214889 0.50745209
0.20360162 7.26906722 0.25764731
0.18985959 5.19398721 0.3066991
0.43152997 6.64476412 2.39977849
0.71392721 6.58667925 1.62527737
0.40348603 5.85522605 0.29319527
0.86514681 5.93997501 1.27285635
0.95719556 6.63375157 0.68376335
0.15935301 5.64768505 0.58113385
0.29366775 5.28057262 0.99941924
0.35923299 6.4006898 1.45218357
0.96826428 5.60613337 0.51168969
0.7851788 5.66945559 0.57839396
0.51777341 5.88108456 0.76945604
0.46506506 4.66654563 1.243407
0.26194662 5.59694982 1.12871436
0.81636307 4.94403149 2.07407786
0.68249407 6.39605547 0.91316258
0.34278605 4.94582501 2.29941551
0.98858843 5.08530861 1.68647441
0.81239197 5.23326486 0.57335453
0.60734496 5.92588205 1.21114008
0.67008539 6.17660975 1.13551069
0.47630189 6.28936603 2.12560971
0.34485596 6.82513575 0.80634318
0.55503259 5.84697301 1.69171986
0.9769184 5.33002622 1.33855415
0.26971255 5.33476231 1.73339395
0.29401047 4.89378224 1.0326329
0.77572439 6.30996901 1.14888096
0.5629285 7.1520996 0.59594357
0.1037762 5.13333995 0.34740774
0.99981635 5.98849802 0.06637398
0.42040424 6.25772229 0.79811194
0.21346757 6.09017874 1.13332234
0.15756173 5.78451776 0.16969918
0.12181439 5.7365786 0.5335376
0.65153588 6.77454814 1.08097131
0.43387685 6.63519634 2.24603866
0.54901075 7.06195105 1.43956116
9.48771116e-01 6.26056883e+00 -3.99602535e-03
0.13237794 5.53696905 2.07771237
0.1136344 4.58131445 0.24865332
0.15049479 5.6403087 2.04896318
0.58739601 6.27751401 -0.15528829
0.04098688 6.59959227 1.37710916
0.57443709 5.24423265 1.53765452
0.06945722 6.42808534 1.21694265
0.13024634 5.44363192 1.21652822
0.66756721 6.95128998 -0.50852779
0.33069885 5.50719126 0.73169605
0.44570518 6.14422329 1.25570074
0.79536651 5.57627129 1.51483086
0.00993783 6.12149636 2.87796188
0.23845867 5.27761189 0.86187117
0.13742214 6.71988149 1.78981092
6.12291623e-01 4.95885785e+00 3.82085451e-03
0.65565674 4.68924167 0.80435565
0.37576413 5.48093028 0.29438017
0.81336038 5.28114127 1.20991475
0.4811474 6.0629855 1.92422206
0.22081866 5.84930461 0.67281608
0.07451552 5.42344084 0.59258646
0.89970917 5.1108848 -0.58383252
0.37990818 5.20127133 0.77394539
0.20948542 6.41682756 1.03957255
0.58027736 5.45392597 1.31862897
3.10138382e-04 5.80659890e+00 1.08159340e+00
0.51934183 5.62285408 0.52453168
0.64340768 7.22657475 1.14454561
0.90525732 5.42302031 -0.08311009
0.7686784 5.86062539 2.23143041
0.4777138 7.22838366 2.05329153
0.95781812 5.83639764 1.4237818
0.20173267 6.56485594 1.37082569
0.99415021 5.73016645 0.49871235
0.53149424 4.41923811 1.1926245
0.89564976 5.91907447 2.38597687
0.14215977 5.73892467 1.47772471
0.2476866 5.06315538 2.37018933
0.12974323 5.02069721 -0.34094141
0.89230365 5.5775709 -0.76975748
0.91150327 4.32322376 1.48355147
0.12407817 5.42235369 1.85755423
3.79653981e-01 7.36229786e+00 3.72026641e-03
0.18162031 5.97855515 1.64483253
0.62437376 5.28411076 1.31842142
0.79977551 5.97631265 -0.13686654
0.38921001 6.88716051 0.98958244
0.9862885 6.05582229 0.83765331
0.67856389 5.61887653 0.07493524
0.88972462 5.05385318 -0.07529426
0.24612799 6.89514989 1.66972615
0.00905935 4.9120931 1.29355596
9.85025446e-01 5.09009173e+00 -4.40445126e-03
0.51562377 6.43000119 0.61546482
0.69043911 5.43730133 0.9049912
0.07616975 5.48934504 2.19439761
0.75553729 5.89513158 0.35978947
0.78480244 6.59990502 1.44871137
0.70892951 6.55553355 1.79325761
0.90480011 6.70428475 1.17278683
0.61644611 5.25610829 1.69625906
0.7849581 6.77078648 0.39320923
0.00733751 6.31045551 0.72160823
0.14229346 6.49378319 -0.31332943
0.66342116 7.35851733 0.96771379
0.94629673 5.79799834 -0.14082242
0.71795412 4.99126859 1.86457777
0.69094897 5.80911094 0.89523449
0.42578379 5.83487668 0.45927031
0.41998094 5.62788928 1.32728843
0.7129917 6.58183051 -0.19184587
0.15475445 5.42358067 0.83673004
0.97491324 6.77139487 0.56726713
0.40723751 6.58708812 2.40393115
0.42658556 5.69187652 1.12004823
0.34449361 4.55703507 0.83938346
0.47322913 6.58212089 0.98376417
0.22601231 6.87330375 2.37702836
0.26824487 6.20954421 1.30363234
0.55239665 6.73135035 -0.25127326
0.46615939 6.94220908 0.30565795
0.65566877 5.20372159 -0.04705255
0.19713074 7.18016948 1.04240874
0.94417093 6.83808053 0.42277396
0.55961238 6.58957998 0.25016113
0.95504129 5.11361569 1.75282396
0.25470013 6.40088992 1.12042429
0.03285791 6.69480642 1.08888394
0.70309294 6.24469186 1.05932103
0.70961213 7.17633148 0.69423031
0.78770951 5.69221745 -0.02556998
0.08139692 6.99242127 2.26879981
0.45889503 5.64503051 0.70495566
0.11437464 4.74310059 1.33178726
0.7677682 6.90905921 1.11131883
0.60559367 5.71818696 1.52347308
0.11796278 5.97863407 2.04203931
0.41720779 6.57486388 1.24420562
0.94952403 5.47510329 0.91346481
0.76909407 5.36303292 0.55488523
0.51479623 6.59797487 1.18435072
0.5527624 6.95258467 0.98918277
0.99303188 5.0182092 0.50968478
0.15308831 4.89038564 0.69038403
0.8219034 7.35074154 0.5399839
0.96192589 7.71186548 0.63322183
0.19322113 5.53671951 0.27971824
0.08109497 5.26264633 1.16750683
0.48929 6.5698171 1.27850051
0.4943408 4.94362878 2.00067933
0.46144263 4.45855864 0.74889275
0.82917381 6.44882568 1.97506155
0.58759975 6.71504871 1.34237825
0.75674161 5.38737714 0.05825342
0.67735444 5.9720427 0.54483987
0.84923789 5.74971774 1.03955121
0.64309182 6.19638629 0.39462996
0.79722652 5.87008814 1.03304192
0.38237162 5.47629037 0.86314953
0.98786817 6.50279663 1.58036682
0.93534571 6.81056522 1.27099824
0.40388627 7.58066153 0.68132316
0.63056138 5.53419226 0.82003123
0.03741601 6.45168409 0.53508947
0.88471178 5.81446716 0.55642293
0.31723436 6.27255401 2.25185647
0.22843864 6.23352209 0.88382267
0.55579501 4.66433872 1.42475966
0.05436517 5.56411174 1.21209777
0.15284466 6.01805304 0.78172652
0.21292733 4.8419635 0.4623376
0.55486162 6.01931704 0.81380789
0.64114056 5.45146295 1.29008493
0.99358955 4.65161897 0.61056965
0.29296026 6.31707013 0.31198687
0.09230793 6.16957853 0.13522148
0.22825198 5.59853164 1.50063861
0.87772814 5.63398682 0.26222001
0.32494939 7.1242858 1.01810105
0.80883645 6.17984846 0.49778157
0.53153207 5.00611882 0.86702288
0.93532848 5.40522965 0.80314869
1.17054803e-03 6.66707486e+00 1.00636880e+00
0.69477696 5.70806436 1.35982944
0.72183473 5.65649687 0.85208647
0.61474375 6.42711021 1.68448107
0.67600046 7.57958064 0.75503339
0.15771887 6.64710381 0.71037054
0.52378259 6.74008344 0.3456331
0.49102029 6.37464991 0.7537194
0.87789203 6.320448 0.10726785
0.36236327 5.08691386 -0.26486091
0.62998691 6.14725187 -0.42485797
0.02023047 6.04204407 0.68698184
0.35074952 6.53179869 1.0659042
0.9246511 5.26548241 1.6796031
0.51639407 7.09141907 1.38513325
0.07335424 5.66065365 0.72867331
0.53552127 5.85573263 1.97517893
0.63213319 6.11473106 1.67975477
0.07221282 6.50498517 -0.28887904
0.74896459 6.683039 -0.49031597
0.32747137 6.41431312 1.62592541
0.77233708 6.46068354 1.60352388
0.90354802 5.91104703 0.94805909
0.80539142 6.21138345 0.50016374
0.12594959 7.38404783 0.31479522
0.75217195 5.65975785 -0.35965183
0.14941301 5.60382608 1.11537989
0.12928834 5.35844943 1.26251774
0.30714479 5.51876398 -0.02396858
0.29734772 5.58827331 0.79694093
0.48267126 5.30384929 2.09845682
0.36436262 6.90515874 0.95220858
0.9730761 4.73592594 1.68664724
0.71186772 6.26989109 1.2211859
0.84734245 5.49944266 0.70949288
0.23148674 6.9760493 1.53284752
0.62307246 5.56516266 0.48235715
0.776444 7.06131498 0.39087919
0.59745509 4.82012759 -0.70006537
0.77571889 6.30651345 1.41273991
0.79513646 6.29074148 0.67090702
0.54256488 5.03013382 0.33218497
0.15626197 6.74549414 1.06823676
0.61250476 5.71518117 1.52804189
0.04465658 6.74434667 -0.12361776
0.24369157 6.53847479 0.65937093
0.60165703 7.58639966 0.51594929
0.41565425 7.46145982 -0.25009445
0.17597639 6.29026004 1.51671101
0.9003231 6.85304067 -0.16833622
0.16242548 7.04826711 0.64504854
0.75018269 6.23588904 2.16442947
0.18487494 5.54684485 1.58283007
0.51970995 6.431284 1.22003369
0.05898464 4.84851164 0.6334973
0.18492948 6.56169502 2.07121842
0.3952277 6.13597564 -0.05775027
0.26753099 7.7229759 0.87228895
0.8433329 6.46897721 1.7764178
0.51203583 7.45807012 0.47186691
0.90379874 6.41587671 1.98208379
0.45306892 7.23339868 -0.0110227
0.3745272 5.83433495 1.26791115
0.47590211 5.21145164 2.02889043
0.46976938 7.08090637 0.94908315
0.57321646 6.89442397 0.90701986
0.98306573 4.66938872 0.48020631
0.22360853 5.36690087 1.53652441
0.38293624 6.7302796 -0.39309356
0.84752479 6.75176815 1.01460946
0.11850555 6.96271896 0.74239204
0.06838227 6.61567284 1.08653661
0.62498083 4.41178772 1.19425664
0.79049737 5.60488157 1.36383503
0.68654602 6.28741616 0.16958759
0.31470579 4.38826952 1.98536941
0.19888098 6.91331359 1.04455206
0.31240085 4.5555464 0.91411527
0.7629007 6.94058238 1.32232937
0.89869246 4.84754715 0.65284651
0.45670047 6.63510351 -0.2137892
0.80931018 5.32898541 0.80654054
0.89800754 5.35472235 1.42468951
0.05468657 5.69629146 2.86803236
0.99390731 6.58336915 1.30782186
0.9665911 5.50945641 0.61324517
0.21038367 4.87929453 2.37798163
0.80993935 6.13789174 1.7144097
0.46579596 7.0489202 1.47013546
0.21906389 5.65988046 0.65504011
0.99542728 5.13069877 0.73990652
0.55704969 5.90148766 1.84866011
0.94644579 6.80955499 1.22795088
0.86174201 6.52356398 1.30971651
0.62195745 6.08809003 0.78493153
0.94537694 5.50495789 0.28608847
0.91491894 6.10905508 2.2856035
0.72080389 7.87303073 0.95374522
0.9194178 5.83000182 0.03577358
0.37282893 4.87363168 1.31942642
0.50899015 4.87085251 -0.52844282
0.59083921 5.86542771 1.56724093
0.5552059 6.66946105 1.57835177
0.47979541 6.70934316 1.06523205
0.73064627 6.57807801 1.26926709
0.93768729 4.70529627 0.4952167
0.52473763 4.76809136 1.15497674
0.07049517 5.45148665 -0.0408298
0.41751751 5.55312584 0.20678158
0.16725077 5.8206728 1.49748169
0.16867207 5.97598292 0.56535462
0.27985246 6.21133419 1.03905546
0.41995745 5.30657275 1.06596186
0.25085698 5.77690788 0.93352567
0.11060171 7.08712094 1.26541579
0.7118659 4.86706258 0.07370945
0.70686822 4.84006775 0.77381719
0.06839636 6.14301161 0.92104144
0.81353962 7.43267631 1.4431167
0.47398468 5.47946574 2.73709836
0.05881046 4.62681134 1.81597045
0.6459697 4.2180589 1.69435111
0.72224082 5.4513267 2.33337416
0.34874466 5.52142547 2.39840613
0.94499397 6.25532063 2.60966576
0.16172179 6.53496594 2.68906813
0.57383972 -1.57972605 6.99326138
0.55717891 0.97385935 7.07011432
1.61942163 0.03233737 7.79151664
0.97964829 -0.79121116 5.61429156
0.57674793 0.64318796 6.25603413
0.09154365 -0.41166386 7.29666686
0.85724576 0.11865584 7.37776928
0.48342969 2.05153182 6.04363113
0.42848507 -0.95848521 7.71344116
0.87998931 0.39132927 6.04273001
0.0499826 0.1546732 6.95411036
0.3000589 0.12152715 8.41781129
0.75334026 -0.27425316 7.17209073
0.00863219 -0.58307237 6.51474846
0.23094686 0.48293275 7.81053808
0.38851933 -1.14246046 6.57342855
0.51157355 0.275843 5.85160138
0.73914915 -1.15684384 7.11566554
0.94829569 -0.71725611 8.41248933
0.33582189 -0.96035552 6.17880383
0.14390249 1.05767634 6.66310184
0.78073032 0.42121772 7.50527372
0.42195662 -0.15120739 6.03617144
0.91325226 0.46304865 6.79167011
0.0621844 0.10515036 7.29389148
0.32788403 0.87293808 7.89674144
0.55623151 1.82122243 6.41628246
0.67618151 0.38972695 6.42744709
0.38821111 0.3139711 7.93085247
0.66637197 -0.67949699 6.90265226
0.28088359 1.42910588 7.61974075
0.46041287 1.26611545 6.93907496
0.95376622 1.40209706 6.45045904
0.11204292 -0.93911871 7.52309717
0.19546673 2.30029224 7.33778408
0.99463825 -2.01551976 7.79149993
0.8593839 0.48255958 5.95652917
0.27772531 -0.0555725 7.19188232
0.16867784 0.06471953 7.13560179
0.19640414 -0.79213843 6.01952921
0.17426067 -0.92414293 6.79431281
0.08882439 0.329157 7.84467709
0.84025009 0.15108827 7.26052415
0.3138655 0.30821483 6.08417091
0.59775586 -1.31646948 6.97317465
0.34535129 0.15130163 7.93743058
0.02705697 0.13430734 8.24483305
0.54468973 -0.08578258 7.06352597
0.25285261 -0.07319086 6.43810252
0.90351841 0.60624604 8.45129955
0.90117271 1.21322311 8.01992219
0.83994813 0.03029093 6.969715
0.81772782 0.36665314 7.1211424
0.149073 -1.02097347 7.88236973
0.97766707 -0.5903601 8.02613735
0.30385714 -0.41423848 6.83204598
0.36714319 1.04276697 6.62577182
0.63651638 -0.13380421 7.97639527
0.54228516 0.1730889 7.09144811
0.0146266 0.84524982 6.79993768
0.41949697 0.4640219 5.70533451
0.95493164 0.86635704 7.20267035
0.56645532 0.30740071 5.98529043
0.23623543 -0.54341094 7.22900052
0.34073565 -0.65620228 7.9643584
0.4969974 -0.20775196 6.43980767
0.19907053 -1.13636043 7.3595552
0.94499831 -0.15443396 7.29719009
0.20999154 -0.23517961 7.68581907
0.23043215 -0.07970186 6.52168475
0.0876793 0.57048657 7.31585889
0.24424197 0.42244259 7.70007262
1.33697476 0.73951245 7.17954377
0.4639092 -0.54586741 7.74714861
0.77443806 -1.22048794 6.63642983
0.99284248 0.19056666 7.79481049
0.60527876 -0.36710677 6.84324112
0.10644179 -0.15030124 7.27057456
0.62899141 0.89890305 7.01919427
0.60333478 0.1905881 7.91019107
0.76578206 1.66272193 6.97374853
0.24028276 -0.3251508 7.44296391
8.62472470e-01 -1.40556060e-03 7.62151805e+00
0.20515619 0.62003498 6.57653727
0.57489718 0.4996724 6.5777345
0.16414819 -1.55152563 7.41262109
0.26154049 -0.40248543 5.71471923
0.37448674 -2.07898629 7.37561383
0.445369 -0.82840616 6.57187313
0.23748873 -1.21712461 6.45612037
0.81506033 0.93679077 7.03745711
0.18863781 0.46348128 6.88819998
0.77292704 -0.79098888 6.55774556
0.77283852 0.47091236 6.51115875
0.66307137 1.56207763 9.00866954
0.40022912 1.59300823 7.01573388
0.85167007 -1.64481647 8.32018841
0.07121784 -0.45215027 5.85611442
0.51054473 0.57677275 5.56062792
0.28429406 -0.61073942 6.13695501
0.39162573 1.05470407 8.17120007
0.57831091 0.86018392 7.63620564
0.53508967 0.98227382 6.68650813
0.08816594 -1.22629429 6.64021346
0.80641947 -0.02988322 6.63254266
0.79236217 -1.53351424 7.37921995
0.28290936 0.38995256 6.99631051
0.0202011 -0.79939579 7.0633789
0.95814479 -0.06178959 7.02071676
0.66723242 -0.13196156 7.14946572
0.60256594 -1.56196905 7.69310238
0.22301728 -0.98987457 7.80463203
0.44218374 1.17508298 7.18506827
0.86175352 0.43601587 6.16507429
0.82981424 0.20788766 6.41976144
0.06728552 -0.1005256 7.35370364
0.23687907 -0.16527197 7.09412701
0.62428303 -1.2002012 8.48094552
0.92323305 1.05493081 6.97291556
0.84770894 -0.5948248 6.81533809
0.99276522 0.41950186 7.85131347
0.36564793 -1.30611223 6.81073637
0.56539427 0.26864433 7.79046192
0.48026727 -1.10953408 7.39711962
0.30852642 1.02830228 6.84119511
0.87109941 0.07375079 6.56519465
0.29725136 0.26198747 7.0745636
0.58296725 1.24593799 8.02343132
0.9983107 0.83988292 7.60199954
0.37401311 -0.23926297 8.08292825
0.09126491 -0.63487252 6.51806607
0.77707525 -0.12626707 6.41289819
0.67684338 -0.53361727 7.52777825
0.11439623 -0.54904808 6.51259641
0.38409086 -0.78326942 8.19168898
0.00870541 -0.58240828 5.99653669
0.12098604 -1.61818044 6.80488461
0.48275132 0.63805074 6.97121396
0.43704984 0.40268561 8.19993426
0.5924204 -1.01957575 7.58719175
0.09159149 -0.29369822 6.38383524
0.73918422 0.74802912 7.98181725
0.73865076 1.16835559 6.41688771
0.26943002 0.60004988 7.98578201
0.35199525 -1.31125175 6.47698356
0.51878482 0.0587526 7.61148738
0.84555654 0.05007157 7.22180194
0.05470487 0.6707686 7.00781838
0.07893127 1.83628497 8.16449865
0.32992565 -0.58639647 8.7083053
0.25052817 0.74392157 7.05223258
0.93861613 1.10295295 5.75521807
0.01379692 -0.24171385 7.73630139
0.71082478 -0.62247466 6.80800449
0.68622022 -0.03088161 7.10923599
0.69937684 -0.09928875 6.39583113
0.71617089 0.78480021 8.08629734
0.81066147 1.19926394 8.82356791
0.70150764 0.65617798 8.37864257
0.6048349 0.31599911 5.96379851
0.03844357 0.40919143 6.58836607
0.27820897 -0.51205488 7.06133801
0.22395858 1.91411995 6.90445435
0.65080934 -0.45190187 7.36541855
0.9916506 0.15240862 7.26746633
0.69596015 -0.5822699 7.41842176
0.88625767 0.63080326 7.67115703
0.948971 -0.12732323 6.93396971
0.11529607 0.15386577 8.00924636
0.73716835 0.54791459 6.62364546
0.5859333 -0.67624424 6.25913485
0.8307193 0.11151145 8.55143201
0.09316826 -1.1616238 8.40752892
0.79943972 -0.28977916 6.76293443
0.52249949 -0.42481652 6.11889422
0.40163751 0.48509725 7.58906189
0.9816047 0.43596112 7.01802778
0.36814337 0.41379204 5.31819743
0.97936525 0.1454726 7.64560274
0.43074277 -1.08334322 7.61060078
0.08508214 -0.9477045 6.60405445
0.28860065 0.88970865 7.50689005
0.2939214 -1.17794251 7.56318885
0.28027409 0.14372949 6.5523633
0.67092502 -0.59421838 7.54209981
0.7603867 0.26504201 8.31496978
0.41764576 1.56418605 6.71984655
0.12413766 1.25980724 7.8374277
0.41343081 -0.1869755 6.66098879
0.41678989 0.10060059 6.33902792
0.83800831 -0.34752394 6.69268733
0.76013981 -0.20806018 7.45933684
0.88810657 1.35571581 7.26549819
0.2233829 -0.67312449 7.72995582
0.60109986 0.60868094 7.2461287
0.68110435 1.05032841 7.27771203
0.25400847 0.90850278 7.76231903
0.73984508 0.68141359 7.03906097
0.87491232 0.02466995 7.12424957
0.62446624 0.58603904 6.60422036
0.96786432 -0.49417683 7.69080886
0.34456988 -0.14261612 7.08280614
0.97227036 0.66098082 7.29044756
0.28555389 0.52224464 5.21804359
0.26272045 -0.79961242 7.59260983
0.16515909 -0.30006939 6.8263263
0.70608221 -0.12395423 8.25640626
0.08431251 0.86251426 7.62728693
0.98245634 -0.28633114 5.77437487
0.95049353 -0.50908871 6.68235888
0.82364564 -1.5007331 7.17670463
0.38947179 0.5795599 7.15087618
0.04105807 0.36270498 5.97282872
0.77892705 -1.93075516 5.50466984
0.97344824 1.4314963 7.25054025
0.6353784 0.79996864 5.8423947
0.60361378 -0.47465634 6.46984533
0.97470743 -0.98997957 8.09337038
0.71581499 0.26528043 7.0668285
0.45996487 -1.12755554 7.65742755
0.1224359 -1.31791082 6.69529179
1.69208331e-03 -3.54330520e-01 7.91651851e+00
0.2055728 -0.26462447 8.22214214
0.63468324 0.57143479 6.46646519
0.11084486 0.01176053 5.77024323
4.41131402e-03 -8.69367037e-02 6.20594549e+00
0.6696909 0.32362816 7.67171383
0.12069764 0.54585058 5.52113289
0.02115065 1.5100344 8.62059618
0.31856519 -1.14031867 6.67336989
0.40200666 -0.1726826 5.73817049
0.53137857 -0.09173449 5.3736431
0.38096384 0.0219642 7.09847363
0.10262149 -0.17874523 6.90491154
0.47577916 0.4936476 6.71032639
0.4912238 -1.04447285 7.61716282
0.76138926 0.51421617 4.99956742
0.69028868 -0.98282633 6.54926898
0.37094978 1.69846037 7.55158483
0.92899885 -0.21021518 6.37768054
0.31267372 -0.6220424 8.38942472
0.71452667 0.96942772 6.99356838
0.73181873 -0.16803033 6.53368454
0.06553668 0.5188151 6.23802011
0.22757391 -0.76433808 7.53593405
0.68865932 -1.43538686 6.3255699
0.91346605 -1.55416739 7.19336563
0.28997713 1.68406943 7.36896676
0.494565 -0.23863789 7.54783859
0.84907526 -0.47288752 8.73262256
0.96669149 -1.91284686 6.13837024
0.64404464 2.2383197 7.07164399
0.95009977 -0.23457471 6.5087877
0.31473685 0.39824402 6.04233248
0.1475667 1.16526027 7.18621195
0.77479925 0.1432975 7.59911382
0.36818251 1.7154649 7.02538663
9.69231590e-03 2.69364703e-03 6.01516557e+00
0.22730893 0.16950477 6.06948046
0.75085211 -0.05332278 8.73366948
0.65938787 -0.07526983 7.34046058
0.14070456 -0.92856908 5.16232112
0.08289882 -0.90350891 7.17892671
0.11105274 0.14956403 7.02308492
0.66683797 0.01918951 7.11857289
0.70180758 -0.12786556 6.97810126
0.46375968 -0.63417346 6.19841866
0.02922035 -0.80364728 7.53568783
0.41718274 -0.09327126 7.2982217
0.21794052 1.53605337 7.96497604
0.27740816 0.12810087 6.77114865
0.70176553 1.0233657 5.96514012
0.55745495 -0.61753542 7.53621664
0.57607921 1.57041212 7.2966797
0.5680813 -1.28233175 6.26412105
0.83757487 0.41281549 7.09618829
0.40232735 -0.33818347 6.6672359
0.12648655 0.1452683 6.50589314
0.10694181 -2.57086154 6.84512863
0.47619144 -0.89379526 7.17650744
0.90909879 -0.46858747 7.48755491
0.19409911 -1.0882271 7.27607965
0.44222266 -0.77836032 8.20110626
0.65952691 0.94351852 6.38510338
0.13173314 0.39378877 6.23722162
0.73081574 -0.03513967 6.91869388
0.75264906 0.25887253 5.67551909
0.98047352 -0.25012827 6.4125522
0.86055745 -0.52135815 7.42546947
0.86214057 -0.17732716 5.89590401
1.82228249e-05 -2.43962076e-01 8.09639916e+00
0.09190473 -0.32747227 8.2622413
0.03101855 0.29022049 7.63472602
0.3808817 0.70988108 7.78703039
0.26131406 0.37168931 7.97520062
0.13211872 0.74320341 7.78023837
0.04962752 -0.55740927 7.8065932
0.09958906 0.84198616 6.97272642
0.37480314 0.1905715 7.51603026
0.71281406 1.45019756 7.85931866
0.79680849 -0.42927524 6.69733556
0.44760261 0.05926638 7.36356655
0.74140903 0.40221595 6.12301021
0.76911491 0.3154465 8.4615097
0.87114145 0.82144579 7.01906752
0.01437976 0.02782738 7.66215894
0.88790388 0.17641379 6.77236825
0.73554267 0.37843379 5.62178841
0.81391984 0.42281597 7.88583995
0.21449793 -0.64430484 7.39491392
0.99485722 -0.36756536 7.01820773
0.47378022 0.26557001 7.71538071
1.40044509 -0.39840661 7.19863052
0.9673026 -0.61166963 7.81328967
0.43812332 0.64675983 6.07305322
0.01125008 -0.55959288 8.21878227
0.66774737 0.5758457 6.51397811
0.5568899 1.52831297 6.67730414
0.10593027 -0.07452548 6.41374369
0.95172123 -0.19416408 7.6746044
0.28636747 -0.36389356 6.63604438
0.51611506 0.83183358 5.99548181
0.41507362 0.94730798 5.78426681
0.06936075 -1.11453033 8.22539165
0.88117758 -0.63560585 5.22786121
0.077134 -0.45426948 7.03640151
0.73768074 0.1142505 6.5237775
0.28280556 -0.14805631 6.35199921
0.64981253 0.99093416 5.54035331
0.93387304 -1.17705744 7.74298115
0.83584827 0.3019776 5.45634958
8.65875237e-01 -1.31194415e-03 6.53637077e+00
0.17753453 0.20279702 7.591312
0.88080802 0.64247455 7.82457753
0.47965915 0.43393131 6.7256881
0.34669832 0.03155422 7.26346281
0.54124841 1.01020579 5.96473867
0.06724826 -0.83990445 6.87757308
0.01092249 -0.27101809 6.99431533
0.36925464 1.09203129 7.08049085
0.54914557 -0.06839083 5.57705537
0.73371658 0.18765304 6.2317121
0.58045696 -0.4159684 8.11416235
0.10906962 -0.59826122 6.57986266
0.76400888 0.62494673 7.34971088
4.74645510e-03 4.40706010e-01 7.68732821e+00
0.53795539 0.40210482 7.00297073
0.62803071 -1.06302066 6.71824912
0.76899284 -0.13257391 6.46855436
0.32285702 -0.15737622 6.44698784
0.52822535 -0.59720024 6.29409538
0.62356441 -0.89165985 5.12827341
0.9983879 -2.43830488 6.92049986
0.55321152 0.37908008 7.88558921
0.82069892 1.38683686 6.92914261
0.57685544 0.22240048 7.11601916
0.83002662 -1.41710846 6.87582957
0.01887067 1.0141971 7.44306393
0.84655237 0.56838955 7.17236791
0.4381132 -0.93672805 6.73554759
0.16359318 0.08548314 7.72310225
0.00690078 0.25111799 6.6418313
0.83032245 -1.03421678 5.46001138
0.98529983 0.03488338 7.97505821
0.79915366 0.42648887 6.7642932
0.69657512 0.30042869 7.63276834
0.55393321 -0.83648598 6.58795265
0.02926432 -0.07338403 7.76450436
0.93620952 0.38991209 6.78322967
0.96481918 0.95716266 7.09102908
0.10844135 0.50136886 8.1601316
0.99654676 -1.33444106 7.25721479
0.95256699 -1.25543829 7.75835456
0.18474833 0.51594781 7.95776328
0.40864142 0.45411868 7.99509251
0.53888394 -0.71108967 6.42958523
0.55679774 -0.18607273 7.38218097
0.18691511 -0.78192338 6.60011297
0.7697192 0.83292039 7.21707709
0.4134954 0.01244719 6.49035594
0.73904702 1.35725139 7.11859777
0.4965219 -0.52361183 7.4206258
0.06784851 -0.38559455 6.69240498
0.11785654 -0.40774813 7.70265075
0.06376477 -0.64016332 5.12496464
0.70963493 -1.23357209 7.79355563
0.51695294 0.64196818 7.19829879
0.90007445 1.67722791 7.28338772
0.14882971 -0.04767374 5.85301098
0.73580863 -0.56161281 4.54592245
0.51369376 0.69371628 5.89116485
0.74065919 0.15347493 7.44370454
0.29705881 0.91122972 7.33543886
0.98471474 -0.30985872 6.52065483
0.32099624 -0.47353219 6.91884035
0.89448596 0.6196776 6.59637764
0.11856352 0.37916859 7.16607296
0.31694098 0.88143288 7.94380161
0.90936403 0.69807075 6.77524937
0.14612102 -0.11931575 6.79548795
