0.82282901 2.45645968 1.10992358
0.86031989 3.42201221 -0.81479031
0.10385367 2.70340686 0.32959092
0.98571988 3.62738973 -0.83123011
0.91153117 4.3649594 0.09146316
0.36548304 1.48320548 0.58140179
0.48667799 2.85937502 0.05857021
0.32704831 1.4960386 0.89979974
0.76648182 2.04752741 0.38658035
0.88333932 3.48162231 0.83130919
0.87140288 3.3156548 -0.2987973
0.34339157 2.9376163 0.606317
0.54767435 2.76697229 0.12326857
0.76458466 3.93885985 -0.35212472
0.10021316 3.57882313 0.11496594
0.24823055 3.63483797 0.83915758
0.91636248 3.11015028 -0.5629335
0.27434379 3.39083814 -0.49052601
0.6379695 3.68777051 -0.6025023
0.04169061 2.85523064 -0.98127229
0.27074477 1.30765954 0.94066397
0.58642688 3.51822289 -0.9786248
0.55904849 2.61893092 0.79601286
0.65038077 2.44383234 1.59649115
0.42870368 3.793664 0.10723091
0.04268056 2.05386874 -0.27775152
0.28829757 2.38417606 -1.77611625
0.20832473 3.26514636 -0.39114162
0.83692688 2.7550605 0.42765313
0.55531698 4.32450892 0.73498322
0.36432325 2.43282446 -0.28319143
0.81615694 2.01680778 -0.05121263
0.13066847 3.38317084 -0.92089766
0.33891461 2.1707905 0.291705
0.09748034 3.09965712 0.52210607
0.4990925 2.59763756 0.01240345
0.41688223 2.15910167 0.34386121
0.70645375 2.97526027 0.40062704
0.41917503 1.57803695 -1.22442873
0.7741194 2.88943331 -0.900348
0.39175424 3.34666599 0.49772792
0.86959612 3.50198022 0.3852594
0.61660819 3.98774808 -1.40820273
0.84697787 2.41695117 0.90065586
0.25641028 2.40736189 -0.39780259
0.48363052 2.95450587 -0.74331181
0.72463649 3.81862656 1.00688606
0.90532517 3.54858652 0.06941396
0.60793803 2.56195057 1.04682204
0.98143413 2.05888884 -0.34739533
0.67226301 1.83241765 0.61812805
0.45417644 4.2020972 -1.22640999
0.05038685 2.49754193 0.17765369
0.17314643 3.61096758 -1.57512232
0.13448969 2.33249238 0.71221241
0.81947133 4.03702474 -0.70768081
0.66990207 3.91477966 0.22874498
0.77248678 3.46524816 1.89876003
0.06114181 3.07780823 -0.36495888
0.98391801 3.30650122 -1.48668001
0.11181973 2.15902982 -0.97259522
0.70937153 2.68942902 -0.12796642
0.6414772 2.94023021 0.14233565
0.09649824 3.19531528 2.05704284
0.5713951 2.78998924 -0.28807124
0.86959407 3.51800705 -0.43303754
0.74546049 2.62445052 -0.31801661
0.88647683 4.07974417 0.19288091
0.49863975 2.4880354 -0.45892048
0.1364088 2.82028593 0.34103638
0.43446219 3.52118332 1.87927654
0.73497389 2.38181301 -0.16071742
0.38348907 3.1978653 -0.05220627
0.57146789 3.79063689 -0.97680654
0.98767928 2.72932797 0.99566035
0.50313556 3.76217971 -1.14907547
0.96689867 3.20001129 -0.59896029
0.49995989 3.24057261 -0.13026399
0.72098541 2.39506922 0.3774405
0.20017701 2.68160114 -0.0135434
0.64145772 1.64439862 0.86506386
0.78642314 3.46154195 0.64568669
0.02345228 2.23408822 -0.62369338
0.19929242 1.97879413 -0.16246331
0.86445003 3.42918146 0.16124442
0.10991961 3.60499883 0.91371244
0.00568707 1.27904855 -1.79221135
0.98705491 1.56732538 0.38763457
0.64473154 3.26753443 0.11818968
0.71643631 1.45789972 -1.17645508
0.03931926 2.41904039 -0.01862029
0.32186117 4.60644239 -0.21687051
0.92731075 2.54504882 -0.00262484
0.80902295 3.61697055 0.30984741
0.8355053 2.59991411 0.88488571
0.33421758 2.92915201 -1.4081592
0.20260894 3.66086927 1.33925897
0.04377166 2.27386256 -0.99362197
0.67755554 3.07469133 -0.15429888
0.9967853 3.53110498 -0.16261602
0.02100546 2.22887926 0.06002131
0.78013827 3.48624808 -0.26057984
0.72501359 2.65446502 -1.67499482
0.16530772 2.12911879 0.5188656
0.21459564 3.32179011 -0.82970548
0.03401805 3.18668644 -0.48403834
0.52952737 2.24189852 -0.40510567
0.58147435 2.78626154 0.44802409
0.63882431 3.09188009 0.02837144
0.61925658 3.80662562 0.62681796
0.92612114 3.16330778 -1.06231166
0.97101448 2.05827999 -0.61390452
0.93090843 2.00467637 -1.17437535
0.8575737 3.85223655 0.38745338
0.70358498 2.35381887 1.43144735
0.29454953 2.7145543 0.17991479
0.92470689 3.09806302 -1.17725643
0.17293726 3.36148056 1.33684212
0.3564799 2.39229219 1.13332102
0.36175766 3.64909139 -0.06300903
0.63543938 2.08495007 -0.10555225
0.23834591 2.09066119 -0.37831097
0.49432134 3.68661461 1.4371209
0.10134015 2.69275863 0.56492262
0.7408187 2.91914951 -0.30751098
0.32682785 4.53940624 -0.6919564
0.66465499 3.24660397 -0.89236064
0.25867462 1.02267925 -0.75350761
0.96145331 2.19875908 0.80956083
0.58496032 4.43157361 0.27050749
0.82026858 3.11875942 -0.09074415
0.11464572 1.88081467 1.1518994
0.24345567 2.95906291 -0.82944233
0.46404454 3.29666033 -0.61638821
0.80775496 3.10583518 0.28228393
0.11733507 4.50775639 -0.4280465
0.56289919 2.65900509 -0.41822399
0.4015398 2.75030848 -1.09825409
0.95259486 3.74067085 -1.44748618
0.15187394 3.62865608 -0.17906408
0.18535587 2.17332941 0.54829041
0.93332275 3.8121523 -0.19111106
0.64870161 1.53415216 2.0991807
0.53491295 3.78458461 0.25403833
0.48252165 2.63276647 -0.32996352
0.44443509 3.11579579 0.11256862
0.31502212 3.42400395 -1.04440178
0.80343894 4.19952597 -0.63053059
0.6669012 2.41319784 0.27150165
0.65018948 2.39125818 0.03469138
0.06346213 1.2267794 -0.63145845
0.61672672 1.50015177 0.91621507
0.45712233 3.7836384 -0.08841129
0.60754252 2.45317151 0.36904631
0.30795754 4.0432874 0.87135923
0.80696596 3.42762313 0.32901805
0.87430859 3.6365614 0.1339778
0.70699186 2.60030382 0.40440884
0.36976948 2.94097415 1.32815631
0.31161082 3.10239297 -0.32955189
0.50949875 3.56894642 -0.24374119
0.36374466 3.19681084 -0.10638822
0.91283269 2.06870742 0.74880882
0.95707198 1.54716771 0.97503585
0.34840923 4.1249728 0.71521414
0.9506181 3.17028402 -0.68186769
0.85199196 2.85829008 0.75885099
0.41707002 1.79397087 0.67774664
0.80977239 2.79605069 0.83444128
0.1333779 0.84247288 -0.66626171
0.47487989 2.90714277 -0.21814416
0.40561622 3.59555149 -0.73229095
0.05680911 2.30957215 -1.1068274
0.06711446 3.32331178 -0.61496118
0.45502184 2.40987708 -0.72836453
0.24335226 1.94299334 -0.57156531
0.52401454 2.03912916 0.39542446
0.02319554 2.70364082 1.5183208
0.02411397 2.57676243 0.54283548
0.09726595 2.57768812 -0.3851049
0.75459975 2.41409217 0.48626662
0.3021893 3.10388536 -0.82356053
0.06067222 2.9870568 0.79256461
0.32071099 2.61571901 -1.41862011
0.273385 2.89643091 -1.19651497
0.62684147 2.05685721 -0.39992833
0.30499992 2.79267642 -0.42167941
0.15389039 2.28867315 2.01606813
0.84167583 4.18206378 0.84597757
0.97608682 3.33356025 0.62968209
0.60161454 2.98252861 0.57217227
0.89607227 3.01233607 0.16775177
0.39585599 3.05095466 0.35598125
0.43945863 2.63259624 1.16161804
0.4842893 3.6474486 -0.90934888
0.84329912 3.5997146 0.64362762
0.73515819 3.49174243 0.18455241
0.77632005 2.64065786 -0.3228496
7.44561001e-01 2.10585222e+00 -1.48676500e-03
0.33425549 3.73678846 0.57545044
0.77878724 3.39480121 -0.09648539
0.55592459 3.07868737 -0.30726229
0.33899641 3.1165138 -0.84357893
0.22234346 3.52196471 -0.9183046
0.78532307 3.70121987 -0.3186732
0.47726567 2.80293438 -0.3123966
0.68608029 3.67646998 -1.12046459
0.15316161 2.56427513 -0.48250537
0.52433826 2.93877797 -1.58875555
0.87476736 3.84351123 -0.01227338
0.0763703 4.04233443 0.42391976
0.87217638 3.65826942 0.56145638
0.24222376 3.22097005 0.55748679
0.48713679 3.10934845 -0.50051221
0.53598805 3.33164364 -0.8118314
0.99318166 2.06453804 -0.83969129
0.78894189 2.77035048 -0.29916905
0.70067065 2.48979327 0.93315315
0.49138782 3.1846965 -0.69504293
0.40969421 3.62080862 -0.72013947
0.26468044 1.70986132 0.04572757
0.60114382 2.96761898 0.2075019
0.79348151 3.24006927 0.36862694
0.11818532 2.89587219 -0.3977671
0.51468997 2.21405632 -0.71527735
0.21065895 1.6064231 -0.11155843
0.60357526 2.84953516 -0.26188133
0.37206072 3.20483347 0.73738659
0.12846431 2.4760298 -0.52624313
0.60124725 3.46894457 -1.10588025
0.22884291 2.4530505 -0.53143968
0.77623937 1.59118823 -0.51651039
0.55492393 2.78801111 0.16965699
0.89137191 3.07851107 -0.00879844
0.89194442 2.11937979 0.13214641
0.94645008 3.1377911 1.21846414
0.30350491 3.42263115 -0.19213322
0.24495044 3.88708345 1.08163115
0.69460469 2.28829689 0.62829161
0.66999557 2.93211916 0.31043489
0.69271527 3.41553634 0.05266393
0.85884151 1.67029987 1.26341729
0.11197698 4.35466746 0.62611514
0.94489884 1.06862695 -0.89298079
0.22371964 4.16391145 -0.10316534
0.1946042 2.52653302 0.85323992
0.43144081 3.85527569 0.82358568
0.73304542 4.10293722 -0.71438201
0.39861683 0.90247537 0.03016163
0.22161585 2.08649155 -0.58152864
0.39449783 3.27229336 -0.33252285
0.41932669 3.67077545 0.43369235
0.62096713 2.67270437 -0.44722282
0.47644169 3.18679161 0.20799544
0.15065627 1.96281703 0.02115812
0.31746437 3.12016315 0.52704736
0.46094204 3.19471742 -0.17904142
0.87671845 3.57300262 0.02133225
0.78615331 4.10544286 1.20542074
0.28514756 3.2686272 0.4491893
0.78838181 4.02441255 -0.82040737
0.98566333 2.97395126 -0.12132056
0.25677029 3.41525958 0.81957449
0.0372116 2.56971825 -0.29184124
0.74091157 2.59623746 0.40643273
0.4610954 3.52267659 0.71305039
0.81019928 2.1249375 -0.56184408
0.75220327 3.64350318 1.39202096
0.23401301 3.22713135 0.98664694
0.61224178 4.11721245 0.84835729
0.8036899 2.65733667 -1.00059863
0.87432921 2.36241658 -0.77052455
0.79531689 1.02889954 0.63847917
0.30045086 2.33867299 0.72531828
0.78356246 2.72111578 -0.20536471
0.21348209 2.36251047 0.71695848
0.46543328 2.05982809 -0.45943992
0.82461016 3.48096817 1.27238384
0.60993388 4.25213654 -0.44946135
0.77829696 2.17952151 0.13932463
0.25888256 2.8953371 0.30712921
0.0910897 3.93246706 1.16747021
0.11041073 3.34887862 0.52599537
0.14193514 4.30462429 -1.60747339
0.06380793 1.67941751 0.63394055
0.29618543 2.15184714 0.27664532
0.45411907 2.94516195 0.97660104
0.99462998 2.40556669 0.14042597
0.13565819 2.975718 0.96191974
0.96246387 3.72103179 -0.19016929
0.32051847 2.36697828 1.75486662
0.39772125 3.11522533 0.40531833
0.40459922 3.18231107 0.34674516
0.67625398 2.7823572 0.15839175
0.46528433 2.98622317 0.0808827
0.17035406 3.08631371 0.14089247
0.43354754 3.96661332 0.07104707
0.27629467 2.68713804 0.02579239
0.29479347 4.18085143 -0.36825883
0.58634935 2.62679928 0.82654057
0.87255449 3.72525148 0.61351618
0.23301931 4.10806162 0.96130095
0.21451582 1.93851613 0.90744457
0.46130001 2.86389018 -0.3198582
0.24469821 3.55793879 1.14005885
0.42628083 1.81488681 1.01706819
0.93765227 2.1443322 0.75780987
0.08210537 4.49620804 -1.14227765
0.0601568 3.36500471 -0.07175801
0.56084566 3.39070003 0.80812606
0.99132253 3.40646795 -1.5507093
0.70987019 2.11771912 0.37926797
0.26107464 1.88339858 -1.11450023
0.95958614 3.79060337 0.5856301
0.38005975 2.97621411 -0.58973651
0.25521429 2.58854852 -0.11837478
0.04035406 2.25213544 -1.20697605
0.71548001 3.01599489 1.56112606
0.31557551 3.14997187 -1.54785638
0.99708988 3.25374406 0.18933145
0.24220587 3.49016536 -0.14529729
0.79548323 3.56552262 0.89469478
0.77019589 3.85836572 0.40524854
0.35192228 2.91604483 -0.4378836
0.62044558 2.56133814 -0.28220406
0.09672033 2.37339734 -0.24757568
0.30859905 1.39502573 -0.74673118
0.37576524 2.65214614 -0.74560874
0.16036379 2.49996135 -0.67937782
0.39424964 2.93319298 -0.69840302
0.77549068 1.8356537 -0.23662822
0.53997559 1.56006062 1.22286033
0.26928388 3.81973848 0.5439388
0.41969263 2.99039248 -0.21779035
0.34561596 3.66556189 0.21109139
0.83342375 3.38998226 -0.78092654
0.68767974 2.11043993 -0.22842803
0.46012722 1.46074237 0.25176756
0.05010012 2.78647618 1.9748774
0.91286795 3.34170764 0.4518187
0.67608046 4.01603006 0.60916826
0.11871977 3.50696459 -0.58253969
0.72110363 2.62491767 0.06629557
0.16361093 3.73562868 1.24837958
0.77680739 1.76059702 0.71655968
0.39693804 2.39326492 1.04174355
0.14834223 4.00204121 -0.64142502
0.50664222 1.84832704 -0.84792098
0.95896271 2.4208286 -0.32779447
0.7509424 2.57099383 0.02230212
0.9536305 3.45041225 0.18450126
0.18671943 3.19361509 0.91306609
0.45666996 2.23568724 -0.71231108
0.80212562 3.42125127 0.09100413
0.09427698 2.94777449 -1.53017949
0.87498045 2.56282255 -0.11895498
0.72629398 3.46593113 0.18983424
0.36351601 2.32903612 -0.64418579
0.28973633 4.27132833 -0.51447703
0.31471251 3.35217387 0.557923
0.81323465 2.2378953 0.41730261
0.76319878 1.03103911 -0.5496676
0.89615464 3.38416735 -0.98715629
0.659588 1.93206367 0.0839245
0.10337661 3.56142391 0.27816131
0.29192137 2.96629113 -0.61146406
0.16703347 2.0265943 0.85819384
1.17753391e-01 2.35485941e+00 -1.63876871e-03
0.35050053 2.10964133 -0.18615336
0.58695617 3.93557566 -0.78394366
0.89523254 3.33220771 0.48084164
0.63817387 2.09936195 0.25867173
0.74297257 2.83855905 1.03146592
0.30866519 2.45920219 0.33805381
0.55481098 3.01761289 -0.24968482
0.4545717 1.9726084 -0.16092959
0.75229173 2.56361883 -0.63318988
0.06905319 2.7451286 -1.01117684
0.86488617 2.90007095 0.53031666
0.97591004 2.44359713 -1.05923245
0.71250601 2.63552091 1.21443889
0.95728984 3.88206219 -1.1832207
0.46620659 3.52560199 -0.14197999
0.82037028 4.51754435 0.2110949
0.92172486 3.09309031 0.17999591
0.23780114 3.35017559 0.28440024
0.1239464 3.06051481 0.18278135
0.93468239 3.86616592 -0.50090402
0.57126413 4.24537572 0.45702592
0.48085165 4.0350386 1.27682429
0.99040972 3.84770018 1.88127166
0.27739519 3.66987023 0.3359585
0.35986398 4.63977076 -0.85455377
0.14588718 4.42002359 0.39449429
0.67884742 2.69832402 2.14087936
0.7807305 3.13454447 2.50618837
1.51709135e-03 5.32837026e+00 3.00506215e+00
0.54686365 4.53604344 2.25683731
0.36849219 5.57989554 3.19782466
0.68774841 4.29489547 2.3774472
0.79508973 2.66685763 4.80176793
1.16696749 2.76831748 3.15648063
0.22502114 3.70757202 3.89568307
0.2766789 3.42351212 3.95737983
0.86656108 4.34465834 4.74743525
0.0732024 3.62976993 2.94810286
0.20241347 2.82864095 4.17473634
0.62100748 4.29324945 5.18460242
0.09046881 4.36587688 3.6398409
0.28148098 3.32789599 3.02989315
1.1616878 4.06737808 4.57575604
0.54029123 4.1479556 5.24072491
0.30964793 3.74034669 4.45414457
0.47133163 2.56138233 3.77012086
0.82100899 3.65610007 4.02896163
0.69512981 4.09862692 3.6842224
1.14391243 3.40704467 4.88537199
0.83781617 3.55734229 5.47865135
0.07637171 5.76346754 3.2535611
0.49351969 3.43602517 5.69197107
0.74689296 4.32375181 4.45480629
0.38830226 4.68450141 3.68607646
0.25561751 5.08541792 3.52211312
1.26525014 4.52086472 3.56620111
0.22880279 3.55266384 4.54014611
0.31064365 4.74222472 4.06650778
0.1499371 3.8436014 3.42982683
0.16047419 3.88954787 3.8573594
0.02944324 5.0265199 4.90343268
0.20566748 3.79557417 3.54203954
0.20746753 4.19954899 5.10591331
0.00757535 4.50945861 3.86261687
0.8753117 3.64188227 3.66336153
0.03966872 3.4925769 4.34438759
0.35705736 3.03344948 4.4793614
1.31767117 4.67830211 3.22266679
3.12692806e-03 3.38759125e+00 5.10872361e+00
0.27513723 4.28671552 3.44885372
0.03911842 4.91454691 4.50927683
0.41230512 3.31481015 4.68979719
0.78620839 4.48218447 4.61435504
0.41644682 5.35554343 4.16313157
0.26979604 2.94207084 3.36711984
0.1491136 4.35909079 3.87890222
1.15817865 3.3168656 3.16905224
0.40957518 4.29433176 3.23956853
0.20450493 4.81025852 3.44366707
0.29936089 5.46567222 3.98728547
1.51055556 2.97315899 5.48829763
0.50758243 3.65879341 3.68043028
0.57066208 2.5636309 2.67128061
0.35263509 3.42741145 3.18439546
0.24432022 4.94893838 4.58458029
0.05762769 5.42075168 4.21059866
0.47314146 4.54677192 3.17596093
0.39038157 4.6693326 4.12213363
1.5268424 3.14984474 4.43080972
0.84204061 3.77981406 3.87645354
0.55136781 3.97606572 3.68840643
0.36434995 4.93496192 3.46026147
0.49686639 3.12942062 4.20423783
0.92688668 3.6768693 3.07673273
0.78393334 3.52365729 2.90412877
2.05435361 3.04274749 4.41005842
0.6484933 3.43288101 2.46654121
0.49387388 3.83946554 4.20382255
0.54327776 4.17225166 4.504346
0.89983082 5.23882363 4.88184232
0.16440513 3.85159841 4.62089748
0.23706852 4.28013027 3.21677884
0.57203027 5.51763077 3.97679557
0.83927517 4.96857769 3.35560048
0.5039202 5.09281609 3.83588052
0.63732548 4.20005526 2.35954069
1.19604071 4.53956216 4.01429708
0.58361209 5.00431767 5.28674023
0.45628698 3.93116927 3.90467137
0.56886351 3.14353739 4.38128582
0.51856087 5.12709621 3.90044236
1.30677988 3.90100215 4.0591379
0.66618711 3.94027701 4.10850347
1.15300696 3.56591146 3.38072075
0.42220034 2.27729294 3.09784651
0.89811735 2.70507741 3.93169254
0.86086475 4.15651486 4.12637264
0.93016025 4.74523397 4.88210578
0.55002109 5.33106447 3.51659852
0.4934674 3.30342477 3.57928062
1.01034261 3.51719758 4.25544164
0.6596078 4.18975377 2.21969706
0.86202422 3.38377427 4.8323362
0.37617003 4.1519727 3.0626515
0.75583444 4.36492641 4.06196526
1.08741564 4.80917564 4.05839924
1.25067129 2.85450087 5.23281431
0.79270623 4.96796072 3.5042484
0.05952837 3.45987623 3.09433676
0.58184728 5.57988933 3.4489878
0.13867697 3.63797691 3.00927233
0.60087784 4.00408618 2.98845911
0.2289841 3.59632883 4.19338133
0.27390374 3.01396469 2.93965821
1.32537083 4.1414128 3.37666826
1.26297176 3.20711772 4.56414757
0.68261078 3.90164168 2.44784904
0.56682801 4.42200383 4.01352664
0.48327082 4.41145459 4.39943675
1.0170238 4.2127294 5.76759174
1.16104246 2.88096787 4.05281458
0.94720718 4.49680105 3.29221574
0.31888652 3.83957627 4.81888915
1.24320153 3.66197655 5.36975852
0.7152002 3.77440846 4.46583693
0.48746775 3.17865911 3.50967179
0.46382695 3.06852019 5.09381017
0.075676 3.51452883 5.12682386
0.42046251 4.29028738 5.272958
0.24102136 3.87250418 4.42088578
0.44441386 3.01736049 3.73582462
0.79432608 3.932825 4.61062361
0.16796611 2.59109956 6.0758439
0.62189077 4.17222323 5.27840743
0.32388445 4.66810523 4.3790088
0.74056851 3.53016185 3.98868484
0.50396233 4.6896681 3.91502384
0.31179485 3.53510311 3.98218069
0.42440678 3.86261255 4.65377475
0.35860723 3.09378253 3.17069975
1.27792093 3.27692783 3.76642835
1.74593612 2.83639234 4.8711788
0.15208341 3.77111482 5.23424951
0.43911622 3.37226792 4.72503066
0.23914549 3.35510475 3.91170157
0.56344658 2.61215951 4.14463946
0.26450517 4.0332334 3.55742142
0.73959343 3.37808773 4.0655796
0.15289002 4.95010832 3.80669197
0.64214077 4.63292347 4.80619023
0.72579064 2.95290784 4.86871777
0.23379664 3.66119228 4.46700842
0.18622321 4.8239065 4.10473412
0.33477616 4.19240469 4.55156764
0.23999851 2.61985173 4.18574696
0.00978967 3.76828517 4.48892477
0.04282797 3.73764274 4.20368044
0.07436053 3.85590607 4.99369784
1.14894679 3.58364053 3.95898562
0.79757084 5.20414487 3.95049078
0.55449451 2.51508414 4.02280383
0.6491049 3.1921762 4.83946041
0.38968126 3.53529311 4.47076161
0.14271386 3.21568368 4.41921085
0.21251145 4.75087806 3.65395292
0.09872603 4.31858991 4.17482706
0.08077138 3.51995981 5.90184649
1.93078099 4.38915921 5.45321072
0.03415543 3.50560359 4.19669852
0.57080328 3.87985792 4.15037184
0.92057767 3.82118444 4.54235419
0.03559501 3.3005328 2.88202988
0.5524447 3.73457132 3.70065251
0.85820276 3.5149175 2.97913741
0.9011944 4.76708957 3.06258559
0.31382956 5.59895576 3.67130955
0.94725359 2.82393258 4.55853826
4.09062638e-04 5.50130530e+00 3.73113781e+00
0.06064797 3.30223881 4.69623961
0.19236898 4.31836611 3.52972938
0.6566103 4.77588846 4.49944064
0.57215557 3.51375232 3.93816556
0.73318261 3.76687229 2.58231649
0.45880364 4.9571278 4.17171934
0.55286059 4.31092042 3.31584124
0.6311295 4.30106047 5.12654206
0.37994624 2.97485238 4.91558781
0.36974456 4.81233684 4.848876
0.81177662 4.37734549 4.07135998
8.24538761e-04 4.78219643e+00 3.94652361e+00
0.96234673 3.51907752 6.22556009
0.02964243 3.85921236 3.88592669
0.62901711 4.13529218 3.73532379
0.08614774 4.07171295 4.42403746
0.71825391 3.53325054 4.31072527
0.3626506 2.78751254 4.15562928
0.61769774 4.23851426 2.70364714
0.47086989 5.17310695 5.28208012
1.27357659 3.61960322 3.37248319
0.01434889 5.39378107 4.64794506
0.84736456 2.77150064 3.70421419
0.24940763 4.21676439 3.99775625
0.64691117 4.32625733 4.13604183
0.29736458 3.98242512 2.99657415
0.06551298 3.31938007 6.22878169
0.66941691 3.47763103 4.57580207
0.44418236 3.30064292 4.090734
0.53723759 3.98034974 3.44394999
0.6097713 4.47389132 3.52050624
0.89111328 4.13472887 3.06995602
0.89956158 3.64636356 3.60308842
0.57527915 4.40995765 3.62613186
0.60028347 3.8822041 2.92497978
0.57432227 3.23571196 5.43998428
0.06765082 4.47082106 4.06307598
1.43042473 2.86304416 3.67452258
0.88122478 3.24667884 3.52221892
0.42126325 4.51008723 4.00112803
1.32581042 4.63478987 4.6125584
0.91098698 2.97886052 3.77775354
0.21130489 4.19595135 3.87905017
0.0171035 4.33327197 4.58217327
1.21349804 4.34241571 3.2058171
0.98063607 3.70070309 3.74267216
0.57714506 2.80251376 4.09170593
0.63779004 3.95613902 2.35731481
1.64104623 4.98405797 5.32745215
0.56071273 5.14708524 3.91304245
1.24037566 5.18224434 5.02512079
0.03183506 2.90733311 3.98275098
0.37530552 3.95767463 4.39183381
0.04480206 4.15186833 2.97665667
0.25082985 3.90997331 4.13954568
0.50335667 4.08127392 4.04494919
0.90789288 5.0932922 5.13097714
1.61041278 3.61416036 3.9215846
0.23671728 3.93441056 4.66251391
0.37144492 5.2213157 4.1517923
1.48758473 4.18233743 3.76815836
0.63333984 4.26470412 3.46530171
1.24353737 2.54622906 4.77210502
1.29640988 5.0713922 3.8458533
0.03001287 3.48953221 3.05155587
0.02860638 4.98068415 2.54894974
0.29268965 4.57653528 3.76519258
0.82530468 5.20066779 3.69491627
0.21788254 2.49480878 3.6232423
0.49093472 4.88779663 4.71260696
0.80322766 3.13199462 3.89210983
0.26817477 3.60303608 3.65125038
0.45362336 4.62627031 2.85958051
0.39623955 3.21338971 4.34996632
1.02045478e-03 3.28060472e+00 4.15308952e+00
0.50151864 4.60206609 5.29177412
0.58513334 3.34066718 5.12846771
0.79362242 4.8127387 4.25068426
0.52675739 2.82300136 3.07468601
0.39316883 2.58307585 5.27678399
0.1160855 4.33880647 3.68888724
0.94591695 2.84070348 4.80905849
0.62908957 4.18989809 4.07763941
1.52530918 4.63126171 4.27928775
1.20546877 4.41414519 4.01396661
0.55376087 3.68617761 4.33285145
0.34758814 4.30490089 3.95303233
0.99789052 4.14496877 2.76378242
0.77737774 3.30360928 4.01791134
0.39106346 3.63675169 3.88542927
0.31578857 4.11634809 3.276242
0.1758287 2.63256951 2.98161021
1.53921706 4.5650899 3.51612225
1.98014793 4.55857129 3.01794524
0.10335743 3.05364293 5.11511841
0.22903174 4.40194176 3.65971915
1.17957664 2.85940543 4.10860695
1.36478367 4.29405329 3.86024723
1.18787207 3.92845367 4.4121621
0.22981595 3.97340652 5.14742344
0.93232466 3.93259711 3.12754801
0.05359531 2.69865056 3.42662454
0.87620408 4.69874411 4.55412326
0.00574719 4.19384522 3.72727068
0.22246119 4.44697874 4.52059085
0.56726046 3.06575981 4.20090975
0.48295485 3.97817058 4.50321934
0.03306839 5.58894171 3.14255414
0.18061336 2.68955088 3.86400894
0.51397567 3.20758079 3.63240058
0.1190049 3.86596074 4.12957444
0.13208008 4.96428765 2.99029413
0.28552524 3.65918055 5.41444026
0.69779443 5.62458188 4.08157246
0.80753965 4.42800713 3.87696104
6.28411990e-04 4.23285325e+00 3.43669061e+00
0.32038022 4.71820377 5.6446593
0.12707657 4.38285484 2.75027376
0.87991202 3.27326686 4.32863557
1.1120707 4.40391107 4.0828422
0.94665377 2.66373555 3.31166761
0.95338899 3.81954993 3.71317209
0.05676588 3.5019237 3.68154741
0.10284588 3.23704961 3.82016626
0.31708623 4.60545639 3.85806822
0.80768838 4.89107736 4.1692367
0.63201288 3.16197738 5.13196194
0.25610082 3.36161506 4.05342855
0.2221287 3.70642249 5.00231625
0.71097562 4.32674724 3.52803893
0.53197969 4.81063611 3.83997454
0.93075118 4.0866339 3.91541647
0.67846903 3.04472219 4.22503801
1.80506406 4.2804722 4.42698276
0.55768434 3.55568644 4.61137143
0.59184416 5.08349033 3.98026855
1.07656746 3.96082519 1.99004098
0.06729329 4.32191787 3.41769691
0.02434411 4.87145507 4.20485641
0.00918111 3.90684148 4.57718995
0.39931712 3.67826725 5.56912557
0.2200614 4.99990687 5.00668773
0.307881 4.5889846 4.40616783
0.51252837 3.92220425 4.21559585
1.65894578e-03 3.46980384e+00 5.09153788e+00
0.42301465 4.54838185 3.33514542
0.62644821 4.94048334 3.0073349
0.20407359 4.10188058 5.02293017
0.01191611 3.16338622 3.22775624
0.33477252 4.36457087 4.38174293
0.42626938 2.26980864 3.25333747
0.55193069 3.26892865 3.25875532
0.24699265 3.92467727 4.49742953
0.20942635 3.80185597 2.92984246
0.45226829 4.30062986 3.05036456
0.43319156 3.99531389 3.97386913
0.39572231 3.90600528 3.86394775
0.67126258 4.20075348 4.33068849
0.65462234 3.51296871 3.29391587
1.12771436 2.56293522 3.4032796
0.04925921 4.33262072 4.29321777
0.20408657 4.00097419 5.23626935
0.25976469 3.99051734 3.81156104
0.36456187 3.62812882 3.72067453
0.53191059 3.48404656 2.53547948
0.30141339 5.10164611 3.94801275
0.07618143 4.68386732 3.65479926
0.23212458 4.58473712 4.14351546
2.27933636 4.73355072 5.28654241
0.68857813 4.52240189 3.28240443
0.40571601 3.18387274 3.67341538
0.72043602 4.90639125 4.54105074
0.34164437 2.95602641 3.45606477
0.27683338 4.355725 4.46895586
0.71939987 5.35909014 3.31459366
1.55385442 4.55083632 3.42386168
0.20965907 3.9946134 3.54895158
0.27331038 4.77098476 3.17018825
0.56335225 4.40811224 3.30862303
0.17736799 3.69743011 4.41609392
0.24743081 4.73215531 3.57959611
1.28741089 4.0743927 5.82443266
0.77754645 4.37813225 2.87677681
0.95977039 4.06894094 3.15586949
0.14726482 4.29287986 6.13754976
0.96095146 4.87969809 3.4412141
0.33645612 4.74927058 4.29674909
0.70830234 3.67846904 4.46689251
0.12671187 4.1755115 4.64571167
0.59683465 3.62411727 4.45377623
0.16156492 4.33574736 3.17851749
0.05684314 3.59574897 3.11575206
1.51567045 3.27091188 3.6799763
0.89876902 5.12092078 4.68247126
0.42069196 4.76450075 4.19860403
0.61757041 4.59557413 3.52060904
0.10402491 3.7075865 3.07315012
0.53810418 5.01418113 3.58471431
0.53056933 5.05736766 5.47108262
0.44486701 2.80786989 4.63504138
0.55888276 3.51100023 3.83248167
0.58542442 3.60209121 2.66194846
0.14060063 3.5451985 3.48339148
0.64597819 4.01045895 4.71073639
0.19711817 4.5906791 4.8069902
0.83882563 3.54410804 3.88361549
0.9716058 4.32315515 4.11384409
0.87885406 3.86806134 4.30602862
1.53411463 4.13371898 4.07757553
0.90708005 3.281569 3.90217647
0.22686985 4.5937344 4.26250001
0.39507347 5.09673412 4.50200482
0.669177 5.94679984 3.1243988
0.86326746 5.69773078 3.69321183
0.07222234 4.87421356 4.63345183
