0.82282901 2.45645968 1.10992358
0.86031989 3.42201221 -0.81479031
0.10385367 2.70340686 0.32959092
0.98571988 3.62738973 -0.83123011
0.91153117 4.3649594 0.09146316
0.36548304 1.48320548 0.58140179
0.48667799 2.85937502 0.05857021
0.32704831 1.4960386 0.89979974
0.76648182 2.04752741 0.38658035
0.88333932 3.48162231 0.83130919
0.87140288 3.3156548 -0.2987973
0.34339157 2.9376163 0.606317
0.54767435 2.76697229 0.12326857
0.76458466 3.93885985 -0.35212472
0.10021316 3.57882313 0.11496594
0.24823055 3.63483797 0.83915758
0.91636248 3.11015028 -0.5629335
0.27434379 3.39083814 -0.49052601
0.6379695 3.68777051 -0.6025023
0.04169061 2.85523064 -0.98127229
0.27074477 1.30765954 0.94066397
0.58642688 3.51822289 -0.9786248
0.55904849 2.61893092 0.79601286
0.65038077 2.44383234 1.59649115
0.42870368 3.793664 0.10723091
0.04268056 2.05386874 -0.27775152
0.28829757 2.38417606 -1.77611625
0.20832473 3.26514636 -0.39114162
0.83692688 2.7550605 0.42765313
0.55531698 4.32450892 0.73498322
0.36432325 2.43282446 -0.28319143
0.81615694 2.01680778 -0.05121263
0.13066847 3.38317084 -0.92089766
0.33891461 2.1707905 0.291705
0.09748034 3.09965712 0.52210607
0.4990925 2.59763756 0.01240345
0.41688223 2.15910167 0.34386121
0.70645375 2.97526027 0.40062704
0.41917503 1.57803695 -1.22442873
0.7741194 2.88943331 -0.900348
0.39175424 3.34666599 0.49772792
0.86959612 3.50198022 0.3852594
0.61660819 3.98774808 -1.40820273
0.84697787 2.41695117 0.90065586
0.25641028 2.40736189 -0.39780259
0.48363052 2.95450587 -0.74331181
0.72463649 3.81862656 1.00688606
0.90532517 3.54858652 0.06941396
0.60793803 2.56195057 1.04682204
0.98143413 2.05888884 -0.34739533
0.67226301 1.83241765 0.61812805
0.45417644 4.2020972 -1.22640999
0.05038685 2.49754193 0.17765369
0.17314643 3.61096758 -1.57512232
0.13448969 2.33249238 0.71221241
0.81947133 4.03702474 -0.70768081
0.66990207 3.91477966 0.22874498
0.77248678 3.46524816 1.89876003
0.06114181 3.07780823 -0.36495888
0.98391801 3.30650122 -1.48668001
0.11181973 2.15902982 -0.97259522
0.70937153 2.68942902 -0.12796642
0.6414772 2.94023021 0.14233565
0.09649824 3.19531528 2.05704284
0.5713951 2.78998924 -0.28807124
0.86959407 3.51800705 -0.43303754
0.74546049 2.62445052 -0.31801661
0.88647683 4.07974417 0.19288091
0.49863975 2.4880354 -0.45892048
0.1364088 2.82028593 0.34103638
0.43446219 3.52118332 1.87927654
0.73497389 2.38181301 -0.16071742
0.38348907 3.1978653 -0.05220627
0.57146789 3.79063689 -0.97680654
0.98767928 2.72932797 0.99566035
0.50313556 3.76217971 -1.14907547
0.96689867 3.20001129 -0.59896029
0.49995989 3.24057261 -0.13026399
0.72098541 2.39506922 0.3774405
0.20017701 2.68160114 -0.0135434
0.64145772 1.64439862 0.86506386
0.78642314 3.46154195 0.64568669
0.02345228 2.23408822 -0.62369338
0.19929242 1.97879413 -0.16246331
0.86445003 3.42918146 0.16124442
0.10991961 3.60499883 0.91371244
0.00568707 1.27904855 -1.79221135
0.98705491 1.56732538 0.38763457
0.64473154 3.26753443 0.11818968
0.71643631 1.45789972 -1.17645508
0.03931926 2.41904039 -0.01862029
0.32186117 4.60644239 -0.21687051
0.92731075 2.54504882 -0.00262484
0.80902295 3.61697055 0.30984741
0.8355053 2.59991411 0.88488571
0.33421758 2.92915201 -1.4081592
0.20260894 3.66086927 1.33925897
0.04377166 2.27386256 -0.99362197
0.67755554 3.07469133 -0.15429888
0.9967853 3.53110498 -0.16261602
0.02100546 2.22887926 0.06002131
0.78013827 3.48624808 -0.26057984
0.72501359 2.65446502 -1.67499482
0.16530772 2.12911879 0.5188656
0.21459564 3.32179011 -0.82970548
0.03401805 3.18668644 -0.48403834
0.52952737 2.24189852 -0.40510567
0.58147435 2.78626154 0.44802409
0.63882431 3.09188009 0.02837144
0.61925658 3.80662562 0.62681796
0.92612114 3.16330778 -1.06231166
0.97101448 2.05827999 -0.61390452
0.93090843 2.00467637 -1.17437535
0.8575737 3.85223655 0.38745338
0.70358498 2.35381887 1.43144735
0.29454953 2.7145543 0.17991479
0.92470689 3.09806302 -1.17725643
0.17293726 3.36148056 1.33684212
0.3564799 2.39229219 1.13332102
0.36175766 3.64909139 -0.06300903
0.63543938 2.08495007 -0.10555225
0.23834591 2.09066119 -0.37831097
0.49432134 3.68661461 1.4371209
0.10134015 2.69275863 0.56492262
0.7408187 2.91914951 -0.30751098
0.32682785 4.53940624 -0.6919564
0.66465499 3.24660397 -0.89236064
0.25867462 1.02267925 -0.75350761
0.96145331 2.19875908 0.80956083
0.58496032 4.43157361 0.27050749
0.82026858 3.11875942 -0.09074415
0.11464572 1.88081467 1.1518994
0.24345567 2.95906291 -0.82944233
0.46404454 3.29666033 -0.61638821
0.80775496 3.10583518 0.28228393
0.11733507 4.50775639 -0.4280465
0.56289919 2.65900509 -0.41822399
0.4015398 2.75030848 -1.09825409
0.95259486 3.74067085 -1.44748618
0.15187394 3.62865608 -0.17906408
0.18535587 2.17332941 0.54829041
0.93332275 3.8121523 -0.19111106
0.64870161 1.53415216 2.0991807
0.53491295 3.78458461 0.25403833
0.48252165 2.63276647 -0.32996352
0.44443509 3.11579579 0.11256862
0.31502212 3.42400395 -1.04440178
0.80343894 4.19952597 -0.63053059
0.6669012 2.41319784 0.27150165
0.65018948 2.39125818 0.03469138
0.06346213 1.2267794 -0.63145845
0.61672672 1.50015177 0.91621507
0.45712233 3.7836384 -0.08841129
0.60754252 2.45317151 0.36904631
0.30795754 4.0432874 0.87135923
0.80696596 3.42762313 0.32901805
0.87430859 3.6365614 0.1339778
0.70699186 2.60030382 0.40440884
0.36976948 2.94097415 1.32815631
0.31161082 3.10239297 -0.32955189
0.50949875 3.56894642 -0.24374119
0.36374466 3.19681084 -0.10638822
0.91283269 2.06870742 0.74880882
0.95707198 1.54716771 0.97503585
0.34840923 4.1249728 0.71521414
0.9506181 3.17028402 -0.68186769
0.85199196 2.85829008 0.75885099
0.41707002 1.79397087 0.67774664
0.80977239 2.79605069 0.83444128
0.1333779 0.84247288 -0.66626171
0.47487989 2.90714277 -0.21814416
0.40561622 3.59555149 -0.73229095
0.05680911 2.30957215 -1.1068274
0.06711446 3.32331178 -0.61496118
0.45502184 2.40987708 -0.72836453
0.24335226 1.94299334 -0.57156531
0.52401454 2.03912916 0.39542446
0.02319554 2.70364082 1.5183208
0.02411397 2.57676243 0.54283548
0.09726595 2.57768812 -0.3851049
0.75459975 2.41409217 0.48626662
0.3021893 3.10388536 -0.82356053
0.06067222 2.9870568 0.79256461
0.32071099 2.61571901 -1.41862011
0.273385 2.89643091 -1.19651497
0.62684147 2.05685721 -0.39992833
0.30499992 2.79267642 -0.42167941
0.15389039 2.28867315 2.01606813
0.84167583 4.18206378 0.84597757
0.97608682 3.33356025 0.62968209
0.60161454 2.98252861 0.57217227
0.89607227 3.01233607 0.16775177
0.39585599 3.05095466 0.35598125
0.43945863 2.63259624 1.16161804
0.4842893 3.6474486 -0.90934888
0.84329912 3.5997146 0.64362762
0.73515819 3.49174243 0.18455241
0.77632005 2.64065786 -0.3228496
7.44561001e-01 2.10585222e+00 -1.48676500e-03
0.33425549 3.73678846 0.57545044
0.77878724 3.39480121 -0.09648539
0.55592459 3.07868737 -0.30726229
0.33899641 3.1165138 -0.84357893
0.22234346 3.52196471 -0.9183046
0.78532307 3.70121987 -0.3186732
0.47726567 2.80293438 -0.3123966
0.68608029 3.67646998 -1.12046459
0.15316161 2.56427513 -0.48250537
0.52433826 2.93877797 -1.58875555
0.87476736 3.84351123 -0.01227338
0.0763703 4.04233443 0.42391976
0.87217638 3.65826942 0.56145638
0.24222376 3.22097005 0.55748679
0.48713679 3.10934845 -0.50051221
0.53598805 3.33164364 -0.8118314
0.99318166 2.06453804 -0.83969129
0.78894189 2.77035048 -0.29916905
0.70067065 2.48979327 0.93315315
0.49138782 3.1846965 -0.69504293
0.40969421 3.62080862 -0.72013947
0.26468044 1.70986132 0.04572757
0.60114382 2.96761898 0.2075019
0.79348151 3.24006927 0.36862694
0.11818532 2.89587219 -0.3977671
0.51468997 2.21405632 -0.71527735
0.21065895 1.6064231 -0.11155843
0.60357526 2.84953516 -0.26188133
0.37206072 3.20483347 0.73738659
0.12846431 2.4760298 -0.52624313
0.60124725 3.46894457 -1.10588025
0.22884291 2.4530505 -0.53143968
0.77623937 1.59118823 -0.51651039
0.55492393 2.78801111 0.16965699
0.89137191 3.07851107 -0.00879844
0.89194442 2.11937979 0.13214641
0.94645008 3.1377911 1.21846414
0.30350491 3.42263115 -0.19213322
0.24495044 3.88708345 1.08163115
0.69460469 2.28829689 0.62829161
0.66999557 2.93211916 0.31043489
0.69271527 3.41553634 0.05266393
0.85884151 1.67029987 1.26341729
0.11197698 4.35466746 0.62611514
0.94489884 1.06862695 -0.89298079
0.22371964 4.16391145 -0.10316534
0.1946042 2.52653302 0.85323992
0.43144081 3.85527569 0.82358568
0.73304542 4.10293722 -0.71438201
0.39861683 0.90247537 0.03016163
0.22161585 2.08649155 -0.58152864
0.39449783 3.27229336 -0.33252285
0.41932669 3.67077545 0.43369235
0.62096713 2.67270437 -0.44722282
0.47644169 3.18679161 0.20799544
0.15065627 1.96281703 0.02115812
0.31746437 3.12016315 0.52704736
0.46094204 3.19471742 -0.17904142
0.87671845 3.57300262 0.02133225
0.78615331 4.10544286 1.20542074
0.28514756 3.2686272 0.4491893
0.78838181 4.02441255 -0.82040737
0.98566333 2.97395126 -0.12132056
0.25677029 3.41525958 0.81957449
0.0372116 2.56971825 -0.29184124
0.74091157 2.59623746 0.40643273
0.4610954 3.52267659 0.71305039
0.81019928 2.1249375 -0.56184408
0.75220327 3.64350318 1.39202096
0.23401301 3.22713135 0.98664694
0.61224178 4.11721245 0.84835729
0.8036899 2.65733667 -1.00059863
0.87432921 2.36241658 -0.77052455
0.79531689 1.02889954 0.63847917
0.30045086 2.33867299 0.72531828
0.78356246 2.72111578 -0.20536471
0.21348209 2.36251047 0.71695848
0.46543328 2.05982809 -0.45943992
0.82461016 3.48096817 1.27238384
0.60993388 4.25213654 -0.44946135
0.77829696 2.17952151 0.13932463
0.25888256 2.8953371 0.30712921
0.0910897 3.93246706 1.16747021
0.11041073 3.34887862 0.52599537
0.14193514 4.30462429 -1.60747339
0.06380793 1.67941751 0.63394055
0.29618543 2.15184714 0.27664532
0.45411907 2.94516195 0.97660104
0.99462998 2.40556669 0.14042597
0.13565819 2.975718 0.96191974
0.96246387 3.72103179 -0.19016929
0.32051847 2.36697828 1.75486662
0.39772125 3.11522533 0.40531833
0.40459922 3.18231107 0.34674516
0.67625398 2.7823572 0.15839175
0.46528433 2.98622317 0.0808827
0.17035406 3.08631371 0.14089247
0.43354754 3.96661332 0.07104707
0.27629467 2.68713804 0.02579239
0.29479347 4.18085143 -0.36825883
0.58634935 2.62679928 0.82654057
0.87255449 3.72525148 0.61351618
0.23301931 4.10806162 0.96130095
0.21451582 1.93851613 0.90744457
0.46130001 2.86389018 -0.3198582
0.24469821 3.55793879 1.14005885
0.42628083 1.81488681 1.01706819
0.93765227 2.1443322 0.75780987
0.08210537 4.49620804 -1.14227765
0.0601568 3.36500471 -0.07175801
0.56084566 3.39070003 0.80812606
0.99132253 3.40646795 -1.5507093
0.70987019 2.11771912 0.37926797
0.26107464 1.88339858 -1.11450023
0.95958614 3.79060337 0.5856301
0.38005975 2.97621411 -0.58973651
0.25521429 2.58854852 -0.11837478
0.04035406 2.25213544 -1.20697605
0.71548001 3.01599489 1.56112606
0.31557551 3.14997187 -1.54785638
0.99708988 3.25374406 0.18933145
0.24220587 3.49016536 -0.14529729
0.79548323 3.56552262 0.89469478
0.77019589 3.85836572 0.40524854
0.35192228 2.91604483 -0.4378836
0.62044558 2.56133814 -0.28220406
0.09672033 2.37339734 -0.24757568
0.30859905 1.39502573 -0.74673118
0.37576524 2.65214614 -0.74560874
0.16036379 2.49996135 -0.67937782
0.39424964 2.93319298 -0.69840302
0.77549068 1.8356537 -0.23662822
0.53997559 1.56006062 1.22286033
0.26928388 3.81973848 0.5439388
0.41969263 2.99039248 -0.21779035
0.34561596 3.66556189 0.21109139
0.83342375 3.38998226 -0.78092654
0.68767974 2.11043993 -0.22842803
0.46012722 1.46074237 0.25176756
0.05010012 2.78647618 1.9748774
0.91286795 3.34170764 0.4518187
0.67608046 4.01603006 0.60916826
0.11871977 3.50696459 -0.58253969
0.72110363 2.62491767 0.06629557
0.16361093 3.73562868 1.24837958
0.77680739 1.76059702 0.71655968
0.39693804 2.39326492 1.04174355
0.14834223 4.00204121 -0.64142502
0.50664222 1.84832704 -0.84792098
0.95896271 2.4208286 -0.32779447
0.7509424 2.57099383 0.02230212
0.9536305 3.45041225 0.18450126
0.18671943 3.19361509 0.91306609
0.45666996 2.23568724 -0.71231108
0.80212562 3.42125127 0.09100413
0.09427698 2.94777449 -1.53017949
0.87498045 2.56282255 -0.11895498
0.72629398 3.46593113 0.18983424
0.36351601 2.32903612 -0.64418579
0.28973633 4.27132833 -0.51447703
0.31471251 3.35217387 0.557923
0.81323465 2.2378953 0.41730261
0.76319878 1.03103911 -0.5496676
0.89615464 3.38416735 -0.98715629
0.659588 1.93206367 0.0839245
0.10337661 3.56142391 0.27816131
0.29192137 2.96629113 -0.61146406
0.16703347 2.0265943 0.85819384
1.17753391e-01 2.35485941e+00 -1.63876871e-03
0.35050053 2.10964133 -0.18615336
0.58695617 3.93557566 -0.78394366
0.89523254 3.33220771 0.48084164
0.63817387 2.09936195 0.25867173
0.74297257 2.83855905 1.03146592
0.30866519 2.45920219 0.33805381
0.55481098 3.01761289 -0.24968482
0.4545717 1.9726084 -0.16092959
0.75229173 2.56361883 -0.63318988
0.06905319 2.7451286 -1.01117684
0.86488617 2.90007095 0.53031666
0.97591004 2.44359713 -1.05923245
0.71250601 2.63552091 1.21443889
0.95728984 3.88206219 -1.1832207
0.46620659 3.52560199 -0.14197999
0.82037028 4.51754435 0.2110949
0.92172486 3.09309031 0.17999591
0.23780114 3.35017559 0.28440024
0.1239464 3.06051481 0.18278135
0.93468239 3.86616592 -0.50090402
0.57126413 4.24537572 0.45702592
0.48085165 4.0350386 1.27682429
0.99040972 3.84770018 1.88127166
0.27739519 3.66987023 0.3359585
0.35986398 4.63977076 -0.85455377
0.14588718 4.42002359 0.39449429
0.67884742 2.69832402 2.14087936
0.57383972 -1.57972605 6.99326138
0.55717891 0.97385935 7.07011432
1.61942163 0.03233737 7.79151664
0.97964829 -0.79121116 5.61429156
0.57674793 0.64318796 6.25603413
0.09154365 -0.41166386 7.29666686
0.85724576 0.11865584 7.37776928
0.48342969 2.05153182 6.04363113
0.42848507 -0.95848521 7.71344116
0.87998931 0.39132927 6.04273001
0.0499826 0.1546732 6.95411036
0.3000589 0.12152715 8.41781129
0.75334026 -0.27425316 7.17209073
0.00863219 -0.58307237 6.51474846
0.23094686 0.48293275 7.81053808
0.38851933 -1.14246046 6.57342855
0.51157355 0.275843 5.85160138
0.73914915 -1.15684384 7.11566554
0.94829569 -0.71725611 8.41248933
0.33582189 -0.96035552 6.17880383
0.14390249 1.05767634 6.66310184
0.78073032 0.42121772 7.50527372
0.42195662 -0.15120739 6.03617144
0.91325226 0.46304865 6.79167011
0.0621844 0.10515036 7.29389148
0.32788403 0.87293808 7.89674144
0.55623151 1.82122243 6.41628246
0.67618151 0.38972695 6.42744709
0.38821111 0.3139711 7.93085247
0.66637197 -0.67949699 6.90265226
0.28088359 1.42910588 7.61974075
0.46041287 1.26611545 6.93907496
0.95376622 1.40209706 6.45045904
0.11204292 -0.93911871 7.52309717
0.19546673 2.30029224 7.33778408
0.99463825 -2.01551976 7.79149993
0.8593839 0.48255958 5.95652917
0.27772531 -0.0555725 7.19188232
0.16867784 0.06471953 7.13560179
0.19640414 -0.79213843 6.01952921
0.17426067 -0.92414293 6.79431281
0.08882439 0.329157 7.84467709
0.84025009 0.15108827 7.26052415
0.3138655 0.30821483 6.08417091
0.59775586 -1.31646948 6.97317465
0.34535129 0.15130163 7.93743058
0.02705697 0.13430734 8.24483305
0.54468973 -0.08578258 7.06352597
0.25285261 -0.07319086 6.43810252
0.90351841 0.60624604 8.45129955
0.90117271 1.21322311 8.01992219
0.83994813 0.03029093 6.969715
0.81772782 0.36665314 7.1211424
0.149073 -1.02097347 7.88236973
0.97766707 -0.5903601 8.02613735
0.30385714 -0.41423848 6.83204598
0.36714319 1.04276697 6.62577182
0.63651638 -0.13380421 7.97639527
0.54228516 0.1730889 7.09144811
0.0146266 0.84524982 6.79993768
0.41949697 0.4640219 5.70533451
0.95493164 0.86635704 7.20267035
0.56645532 0.30740071 5.98529043
0.23623543 -0.54341094 7.22900052
0.34073565 -0.65620228 7.9643584
0.4969974 -0.20775196 6.43980767
0.19907053 -1.13636043 7.3595552
0.94499831 -0.15443396 7.29719009
0.20999154 -0.23517961 7.68581907
0.23043215 -0.07970186 6.52168475
0.0876793 0.57048657 7.31585889
0.24424197 0.42244259 7.70007262
1.33697476 0.73951245 7.17954377
0.4639092 -0.54586741 7.74714861
0.77443806 -1.22048794 6.63642983
0.99284248 0.19056666 7.79481049
0.60527876 -0.36710677 6.84324112
0.10644179 -0.15030124 7.27057456
0.62899141 0.89890305 7.01919427
0.60333478 0.1905881 7.91019107
0.76578206 1.66272193 6.97374853
0.24028276 -0.3251508 7.44296391
8.62472470e-01 -1.40556060e-03 7.62151805e+00
0.20515619 0.62003498 6.57653727
0.57489718 0.4996724 6.5777345
0.16414819 -1.55152563 7.41262109
0.26154049 -0.40248543 5.71471923
0.37448674 -2.07898629 7.37561383
0.445369 -0.82840616 6.57187313
0.23748873 -1.21712461 6.45612037
0.81506033 0.93679077 7.03745711
0.18863781 0.46348128 6.88819998
0.77292704 -0.79098888 6.55774556
0.77283852 0.47091236 6.51115875
0.66307137 1.56207763 9.00866954
0.40022912 1.59300823 7.01573388
0.85167007 -1.64481647 8.32018841
0.07121784 -0.45215027 5.85611442
0.51054473 0.57677275 5.56062792
0.28429406 -0.61073942 6.13695501
0.39162573 1.05470407 8.17120007
0.57831091 0.86018392 7.63620564
0.53508967 0.98227382 6.68650813
0.08816594 -1.22629429 6.64021346
0.80641947 -0.02988322 6.63254266
0.79236217 -1.53351424 7.37921995
0.28290936 0.38995256 6.99631051
0.0202011 -0.79939579 7.0633789
0.95814479 -0.06178959 7.02071676
0.66723242 -0.13196156 7.14946572
0.60256594 -1.56196905 7.69310238
0.22301728 -0.98987457 7.80463203
0.44218374 1.17508298 7.18506827
0.86175352 0.43601587 6.16507429
0.82981424 0.20788766 6.41976144
0.06728552 -0.1005256 7.35370364
0.23687907 -0.16527197 7.09412701
0.62428303 -1.2002012 8.48094552
0.92323305 1.05493081 6.97291556
0.84770894 -0.5948248 6.81533809
0.99276522 0.41950186 7.85131347
0.36564793 -1.30611223 6.81073637
0.56539427 0.26864433 7.79046192
0.48026727 -1.10953408 7.39711962
0.30852642 1.02830228 6.84119511
0.87109941 0.07375079 6.56519465
0.29725136 0.26198747 7.0745636
0.58296725 1.24593799 8.02343132
0.9983107 0.83988292 7.60199954
0.37401311 -0.23926297 8.08292825
0.09126491 -0.63487252 6.51806607
0.77707525 -0.12626707 6.41289819
0.67684338 -0.53361727 7.52777825
0.11439623 -0.54904808 6.51259641
0.38409086 -0.78326942 8.19168898
0.00870541 -0.58240828 5.99653669
0.12098604 -1.61818044 6.80488461
0.48275132 0.63805074 6.97121396
0.43704984 0.40268561 8.19993426
0.5924204 -1.01957575 7.58719175
0.09159149 -0.29369822 6.38383524
0.73918422 0.74802912 7.98181725
0.73865076 1.16835559 6.41688771
0.26943002 0.60004988 7.98578201
0.35199525 -1.31125175 6.47698356
0.51878482 0.0587526 7.61148738
0.84555654 0.05007157 7.22180194
0.05470487 0.6707686 7.00781838
0.07893127 1.83628497 8.16449865
0.32992565 -0.58639647 8.7083053
0.25052817 0.74392157 7.05223258
0.93861613 1.10295295 5.75521807
0.01379692 -0.24171385 7.73630139
0.71082478 -0.62247466 6.80800449
0.68622022 -0.03088161 7.10923599
0.69937684 -0.09928875 6.39583113
0.71617089 0.78480021 8.08629734
0.81066147 1.19926394 8.82356791
0.70150764 0.65617798 8.37864257
0.6048349 0.31599911 5.96379851
0.03844357 0.40919143 6.58836607
0.27820897 -0.51205488 7.06133801
0.22395858 1.91411995 6.90445435
0.65080934 -0.45190187 7.36541855
0.9916506 0.15240862 7.26746633
0.69596015 -0.5822699 7.41842176
0.88625767 0.63080326 7.67115703
0.948971 -0.12732323 6.93396971
0.11529607 0.15386577 8.00924636
0.73716835 0.54791459 6.62364546
0.5859333 -0.67624424 6.25913485
0.8307193 0.11151145 8.55143201
0.09316826 -1.1616238 8.40752892
0.79943972 -0.28977916 6.76293443
0.52249949 -0.42481652 6.11889422
0.40163751 0.48509725 7.58906189
0.9816047 0.43596112 7.01802778
0.36814337 0.41379204 5.31819743
0.97936525 0.1454726 7.64560274
0.43074277 -1.08334322 7.61060078
0.08508214 -0.9477045 6.60405445
0.28860065 0.88970865 7.50689005
0.2939214 -1.17794251 7.56318885
0.28027409 0.14372949 6.5523633
0.67092502 -0.59421838 7.54209981
0.7603867 0.26504201 8.31496978
0.41764576 1.56418605 6.71984655
0.12413766 1.25980724 7.8374277
0.41343081 -0.1869755 6.66098879
0.41678989 0.10060059 6.33902792
0.83800831 -0.34752394 6.69268733
0.76013981 -0.20806018 7.45933684
0.88810657 1.35571581 7.26549819
0.2233829 -0.67312449 7.72995582
0.60109986 0.60868094 7.2461287
0.68110435 1.05032841 7.27771203
0.25400847 0.90850278 7.76231903
0.73984508 0.68141359 7.03906097
0.87491232 0.02466995 7.12424957
0.62446624 0.58603904 6.60422036
0.96786432 -0.49417683 7.69080886
0.34456988 -0.14261612 7.08280614
0.97227036 0.66098082 7.29044756
0.28555389 0.52224464 5.21804359
0.26272045 -0.79961242 7.59260983
0.16515909 -0.30006939 6.8263263
0.70608221 -0.12395423 8.25640626
0.08431251 0.86251426 7.62728693
0.98245634 -0.28633114 5.77437487
0.95049353 -0.50908871 6.68235888
0.82364564 -1.5007331 7.17670463
0.38947179 0.5795599 7.15087618
0.04105807 0.36270498 5.97282872
0.77892705 -1.93075516 5.50466984
0.97344824 1.4314963 7.25054025
0.6353784 0.79996864 5.8423947
0.60361378 -0.47465634 6.46984533
0.97470743 -0.98997957 8.09337038
0.71581499 0.26528043 7.0668285
0.45996487 -1.12755554 7.65742755
0.1224359 -1.31791082 6.69529179
1.69208331e-03 -3.54330520e-01 7.91651851e+00
0.2055728 -0.26462447 8.22214214
0.63468324 0.57143479 6.46646519
0.11084486 0.01176053 5.77024323
4.41131402e-03 -8.69367037e-02 6.20594549e+00
0.6696909 0.32362816 7.67171383
0.12069764 0.54585058 5.52113289
0.02115065 1.5100344 8.62059618
0.31856519 -1.14031867 6.67336989
0.40200666 -0.1726826 5.73817049
0.53137857 -0.09173449 5.3736431
0.38096384 0.0219642 7.09847363
0.10262149 -0.17874523 6.90491154
0.47577916 0.4936476 6.71032639
0.4912238 -1.04447285 7.61716282
0.76138926 0.51421617 4.99956742
0.69028868 -0.98282633 6.54926898
0.37094978 1.69846037 7.55158483
0.92899885 -0.21021518 6.37768054
0.31267372 -0.6220424 8.38942472
0.71452667 0.96942772 6.99356838
0.73181873 -0.16803033 6.53368454
0.06553668 0.5188151 6.23802011
0.22757391 -0.76433808 7.53593405
0.68865932 -1.43538686 6.3255699
0.91346605 -1.55416739 7.19336563
0.28997713 1.68406943 7.36896676
0.494565 -0.23863789 7.54783859
0.84907526 -0.47288752 8.73262256
0.96669149 -1.91284686 6.13837024
0.64404464 2.2383197 7.07164399
0.95009977 -0.23457471 6.5087877
0.31473685 0.39824402 6.04233248
0.1475667 1.16526027 7.18621195
0.77479925 0.1432975 7.59911382
0.36818251 1.7154649 7.02538663
9.69231590e-03 2.69364703e-03 6.01516557e+00
0.22730893 0.16950477 6.06948046
0.75085211 -0.05332278 8.73366948
0.65938787 -0.07526983 7.34046058
0.14070456 -0.92856908 5.16232112
0.08289882 -0.90350891 7.17892671
0.11105274 0.14956403 7.02308492
0.66683797 0.01918951 7.11857289
0.70180758 -0.12786556 6.97810126
0.46375968 -0.63417346 6.19841866
0.02922035 -0.80364728 7.53568783
0.41718274 -0.09327126 7.2982217
0.21794052 1.53605337 7.96497604
0.27740816 0.12810087 6.77114865
0.70176553 1.0233657 5.96514012
0.55745495 -0.61753542 7.53621664
0.57607921 1.57041212 7.2966797
0.5680813 -1.28233175 6.26412105
0.83757487 0.41281549 7.09618829
0.40232735 -0.33818347 6.6672359
0.12648655 0.1452683 6.50589314
0.10694181 -2.57086154 6.84512863
0.47619144 -0.89379526 7.17650744
0.90909879 -0.46858747 7.48755491
0.19409911 -1.0882271 7.27607965
0.44222266 -0.77836032 8.20110626
0.65952691 0.94351852 6.38510338
0.13173314 0.39378877 6.23722162
0.73081574 -0.03513967 6.91869388
0.75264906 0.25887253 5.67551909
0.98047352 -0.25012827 6.4125522
0.86055745 -0.52135815 7.42546947
0.86214057 -0.17732716 5.89590401
1.82228249e-05 -2.43962076e-01 8.09639916e+00
0.09190473 -0.32747227 8.2622413
0.03101855 0.29022049 7.63472602
0.3808817 0.70988108 7.78703039
0.26131406 0.37168931 7.97520062
0.13211872 0.74320341 7.78023837
0.04962752 -0.55740927 7.8065932
0.09958906 0.84198616 6.97272642
0.37480314 0.1905715 7.51603026
0.71281406 1.45019756 7.85931866
0.79680849 -0.42927524 6.69733556
0.44760261 0.05926638 7.36356655
0.74140903 0.40221595 6.12301021
0.76911491 0.3154465 8.4615097
0.87114145 0.82144579 7.01906752
0.01437976 0.02782738 7.66215894
0.88790388 0.17641379 6.77236825
0.73554267 0.37843379 5.62178841
0.81391984 0.42281597 7.88583995
0.21449793 -0.64430484 7.39491392
0.99485722 -0.36756536 7.01820773
0.47378022 0.26557001 7.71538071
1.40044509 -0.39840661 7.19863052
0.9673026 -0.61166963 7.81328967
0.43812332 0.64675983 6.07305322
0.01125008 -0.55959288 8.21878227
0.66774737 0.5758457 6.51397811
0.5568899 1.52831297 6.67730414
0.10593027 -0.07452548 6.41374369
0.95172123 -0.19416408 7.6746044
0.28636747 -0.36389356 6.63604438
0.51611506 0.83183358 5.99548181
0.41507362 0.94730798 5.78426681
0.06936075 -1.11453033 8.22539165
0.88117758 -0.63560585 5.22786121
0.077134 -0.45426948 7.03640151
0.73768074 0.1142505 6.5237775
0.28280556 -0.14805631 6.35199921
0.64981253 0.99093416 5.54035331
0.93387304 -1.17705744 7.74298115
0.83584827 0.3019776 5.45634958
8.65875237e-01 -1.31194415e-03 6.53637077e+00
0.17753453 0.20279702 7.591312
0.88080802 0.64247455 7.82457753
0.47965915 0.43393131 6.7256881
0.34669832 0.03155422 7.26346281
0.54124841 1.01020579 5.96473867
0.06724826 -0.83990445 6.87757308
0.01092249 -0.27101809 6.99431533
0.36925464 1.09203129 7.08049085
0.54914557 -0.06839083 5.57705537
0.73371658 0.18765304 6.2317121
0.58045696 -0.4159684 8.11416235
0.10906962 -0.59826122 6.57986266
0.76400888 0.62494673 7.34971088
4.74645510e-03 4.40706010e-01 7.68732821e+00
0.53795539 0.40210482 7.00297073
0.62803071 -1.06302066 6.71824912
0.76899284 -0.13257391 6.46855436
0.32285702 -0.15737622 6.44698784
0.52822535 -0.59720024 6.29409538
0.62356441 -0.89165985 5.12827341
0.9983879 -2.43830488 6.92049986
0.55321152 0.37908008 7.88558921
0.82069892 1.38683686 6.92914261
0.57685544 0.22240048 7.11601916
0.83002662 -1.41710846 6.87582957
0.01887067 1.0141971 7.44306393
0.84655237 0.56838955 7.17236791
0.4381132 -0.93672805 6.73554759
0.16359318 0.08548314 7.72310225
0.00690078 0.25111799 6.6418313
0.83032245 -1.03421678 5.46001138
0.98529983 0.03488338 7.97505821
0.79915366 0.42648887 6.7642932
0.69657512 0.30042869 7.63276834
0.55393321 -0.83648598 6.58795265
0.02926432 -0.07338403 7.76450436
0.93620952 0.38991209 6.78322967
0.96481918 0.95716266 7.09102908
0.10844135 0.50136886 8.1601316
0.99654676 -1.33444106 7.25721479
0.95256699 -1.25543829 7.75835456
0.18474833 0.51594781 7.95776328
0.40864142 0.45411868 7.99509251
0.53888394 -0.71108967 6.42958523
0.55679774 -0.18607273 7.38218097
0.18691511 -0.78192338 6.60011297
0.7697192 0.83292039 7.21707709
0.4134954 0.01244719 6.49035594
0.73904702 1.35725139 7.11859777
0.4965219 -0.52361183 7.4206258
0.06784851 -0.38559455 6.69240498
0.11785654 -0.40774813 7.70265075
0.06376477 -0.64016332 5.12496464
0.70963493 -1.23357209 7.79355563
0.51695294 0.64196818 7.19829879
0.90007445 1.67722791 7.28338772
0.14882971 -0.04767374 5.85301098
0.73580863 -0.56161281 4.54592245
0.51369376 0.69371628 5.89116485
0.74065919 0.15347493 7.44370454
0.29705881 0.91122972 7.33543886
0.98471474 -0.30985872 6.52065483
0.32099624 -0.47353219 6.91884035
0.89448596 0.6196776 6.59637764
0.11856352 0.37916859 7.16607296
0.31694098 0.88143288 7.94380161
0.90936403 0.69807075 6.77524937
0.14612102 -0.11931575 6.79548795
