0.96863872 8.50782229 1.83180087
0.83721107 7.50018644 3.03771599
0.71262045 7.88511838 1.64900312
0.49018861 7.64830603 2.15663397
0.70288114 8.03746226 2.18389149
0.65643828 8.60182592 0.58229388
0.8139845 6.95269346 2.77030877
0.3609389 10.38640029 3.94164426
0.59455777 8.97028776 3.11331554
0.60303746 9.04060131 2.55823388
0.33110089 9.76265641 3.57704704
0.12326773 8.3828392 4.06259988
0.144837 9.66896504 2.85165301
0.63144321 8.5343734 3.84886116
0.45008207 8.33590088 3.52072955
0.68819753 8.18981438 4.21040637
0.17999374 7.69026944 2.26227402
0.73357532 8.50394878 3.95324032
0.00923631 8.40088894 2.31175616
0.87314446 9.16425042 2.16101361
0.76589428 8.15235458 3.13344341
0.53816049 9.02184995 3.03360723
0.28512431 8.095135 1.92722029
0.06534366 9.75527806 3.97631487
0.3459986 8.40026348 3.24219054
0.1169254 9.97801686 3.22978268
0.13327892 8.89055478 3.25112775
0.76710049 8.17189026 2.11904923
0.24200725 8.44409489 4.36361939
0.9739314 8.55398636 2.70321554
0.38929067 9.60018693 2.44216856
0.52112955 9.6586081 1.53585061
0.27275146 10.10585652 2.42042034
0.58867144 9.56710268 3.77656328
0.38525092 7.86830606 2.33686681
0.65846957 8.83971273 2.77746739
0.75675543 9.29601151 1.96124613
0.5669679 11.18444203 3.12128658
0.29196039 8.17605988 3.13540701
0.32191903 9.93684551 2.2652764
0.55629909 9.80565264 4.43645914
0.1398386 8.79016295 3.59367392
0.70956329 7.93809238 3.78057894
0.91042214 9.20319524 1.14056612
0.83785906 9.80682448 3.94130938
0.41627804 8.55393578 2.28945895
0.33605516 8.50318973 2.55053735
0.61097157 7.97274673 3.2191465
0.01237706 9.65080365 3.07633408
0.53690901 10.18121295 2.93597137
0.59408513 9.51084757 4.23022065
0.41061812 9.94178385 2.87553729
0.05150152 10.22801431 2.76590645
0.17949694 9.52814695 2.22229439
0.08617189 10.04221464 2.78767267
0.43250443 11.28904025 3.54167435
0.36385861 9.71343775 2.35017293
0.49522655 9.01831424 2.13615945
0.09352886 8.96889315 1.72052875
0.73059102 9.09405861 3.85628229
0.04132003 7.7672346 3.65787908
0.06936532 10.71669707 3.66966346
0.05246561 9.3369604 4.11074815
0.42981628 9.43342904 3.80083908
0.86589204 8.93005452 4.61447619
0.32494224 8.56193095 2.99727962
0.1336856 9.34797865 3.29065649
0.08103356 8.59308707 2.67535605
0.18106054 7.9012716 3.98427094
0.76851195 9.54512962 2.92004125
0.20723868 9.11008583 1.73594333
0.45171202 8.45520241 3.51022488
0.3678833 9.96255943 2.73173367
0.5346926 9.54691649 3.48291014
0.58058388 8.46466046 2.4643631
0.59156955 9.32990422 3.44635732
0.4199723 9.42406844 1.11953011
0.59357573 10.41874776 3.21814038
0.29201589 8.6195267 3.34845274
0.3325491 7.04837965 2.82152413
0.43364012 8.42487312 2.90004837
0.14791044 9.25007843 1.77078348
0.08938814 10.14243134 2.64642555
0.35347925 9.50636643 3.615963
0.84048192 9.30172728 3.85258603
0.43454768 8.81232067 4.27031847
0.53268035 8.28457077 3.84959981
0.12216454 9.08068689 4.16863525
0.42717232 9.3475595 2.24297796
0.34432304 9.45380965 2.19401527
0.37624684 8.06863438 2.54006995
0.53932961 8.97825517 3.10755297
0.48557566 8.59694482 4.03587904
0.29701394 8.21171434 3.19383976
0.57000108 8.89583091 3.53517077
8.06991272e-04 8.71853728e+00 1.92561620e+00
0.56640075 9.5319368 2.89265538
0.48109489 10.06894861 3.49061017
0.43433652 7.62480185 3.11751829
0.77231309 10.32108014 3.55695374
0.81635708 9.3490185 2.7624019
0.59951274 8.8287895 3.66242575
0.79127793 8.93398316 2.44591132
0.98293844 8.31204172 2.37234008
0.43031473 10.31807419 1.97312872
0.76741705 8.81712897 3.4052479
0.71339107 9.01547046 3.05882137
0.5577348 8.5063794 2.96300996
0.08016662 10.25134567 3.36175673
0.84941166 10.84645191 3.04911544
0.1659348 7.46672108 2.51438915
0.30086542 10.21012414 3.36202079
0.13174538 8.16333254 2.55813466
0.69427901 10.86344155 3.20439646
0.255549 9.42826353 4.13143395
0.31286574 8.34816761 2.7634113
0.83831293 9.03570951 3.50487003
0.7997717 10.34453253 2.51474023
0.15185877 8.79360294 3.31833547
0.38380851 8.7997146 2.62584035
0.9125119 9.05509933 3.24225593
0.23062931 8.02262168 3.88451317
0.06300608 8.69445057 3.95494115
0.17478649 8.39532916 3.32876493
0.87885787 8.65604285 2.69558327
0.76762282 9.28278431 2.98204544
0.09476313 8.81640724 3.01169158
0.85540158 7.8998768 2.17430923
0.07140767 8.45066929 3.84072445
0.92488713 8.41012505 2.44046194
0.29259322 9.62637708 2.94074827
0.49355378 8.13982217 3.21180885
0.78012027 9.53562421 1.10218511
0.19284222 8.71642258 3.02781945
0.01330368 7.98935299 2.07779492
0.71342599 8.44774636 3.13374942
0.24264441 8.34027409 4.03482516
0.08330316 10.18954891 3.40620001
0.11914771 8.2146754 2.16329633
0.88277928 8.86973072 3.5849175
0.55262425 8.36379184 2.44854176
0.06160012 9.34736202 2.33138942
0.31293121 10.33449731 2.72744009
0.46970528 8.49044342 3.75902694
0.80266644 8.94689681 2.86825525
0.60291114 8.82012816 3.31498608
0.36953142 7.95601832 2.21463212
0.95654571 7.94592842 2.40773707
0.31727702 9.07836114 1.79356069
0.60221703 10.88086971 3.10925322
0.49387917 10.09791303 2.58278609
0.64702422 8.44667681 3.22957131
0.04048925 8.38484044 3.01248654
0.28936714 9.04397212 2.42573582
0.92704313 9.40043616 3.03709306
0.69334792 9.25365354 2.76423581
0.48082177 8.6283588 2.37462628
0.45823406 8.99838275 1.85992775
0.05729922 9.26254081 1.67748698
0.91689109 8.840182 1.19658504
0.55477274 8.09411381 3.17999359
0.11056001 9.354992 3.13210484
0.20865574 9.9463331 4.4699259
0.65531768 8.2009247 2.04974317
0.732783 9.3211224 4.85989472
0.55326494 8.20653406 3.32861383
0.74388588 8.75505859 3.90117267
0.09550164 9.55625463 4.11900928
0.44559216 8.62357837 4.28136761
0.93986745 9.23909046 3.01177427
0.47496963 8.408555 2.5195233
0.24772004 9.62161187 3.17277558
0.86688725 9.67506017 3.98884072
0.08034099 9.61380808 3.96990707
0.97984545 10.40716302 3.72711939
0.83723393 8.86739656 3.60748589
0.61466302 8.06043612 3.77343624
0.1913626 8.89392298 3.49729154
0.1277638 9.47191831 2.12480012
0.30139657 10.09636763 2.11512127
0.90465433 8.84946006 3.42060557
0.98448972 9.50865846 1.54161713
0.48065831 7.7285255 2.47930867
0.67085893 8.6366972 3.13971164
0.48375231 9.09984509 3.7512602
0.29301108 9.33248644 1.90360869
0.24993293 8.94384211 3.65222934
0.94657894 8.40607309 2.35254416
0.68289148 8.35585733 1.80108403
0.74252536 9.02868955 4.29268172
0.90888563 7.89445295 2.36955632
0.43090067 8.33543134 3.59378511
0.51843482 8.44128204 1.18406521
0.49338533 8.55810567 2.63138395
0.53659502 7.905005 2.4703382
4.66675156e-03 8.39154648e+00 2.59963459e+00
0.79212439 8.35850983 3.72922267
0.09610466 9.04230096 2.07743647
0.80875013 8.98389279 2.62289126
0.01056017 8.63971929 4.06541467
0.79746707 9.32903794 2.53904457
0.7809566 9.36306201 4.3584342
0.16758708 9.4248015 3.7431933
0.16884986 9.88009731 2.69747665
0.88263153 9.25911258 3.3836717
0.0586221 8.89037809 2.5092027
0.11565099 10.27281592 3.50073095
0.4700906 8.18234748 2.98421074
0.08432572 8.73120253 3.44361103
0.26220346 10.10800744 2.89902953
0.90699869 8.73028801 2.72638929
0.06649132 9.58044377 1.93807006
0.58455705 9.18024979 3.53953476
0.05473021 9.3265352 2.90314369
0.79892266 7.6493957 2.16256222
0.55585571 8.87936273 3.11901551
7.54248199e-03 7.90512006e+00 2.90154755e+00
0.704639 9.75472314 3.97645774
0.41249103 9.00687872 3.39746174
0.91573182 8.59728196 3.43803099
0.91808789 9.4181218 3.16101351
0.45488458 8.46621946 3.5055729
0.06033472 10.53752912 1.83663466
0.80065825 7.50666403 2.67059925
0.37739945 8.16975061 3.0593265
0.28145747 10.47973111 4.26860228
0.90818134 7.47566234 2.95477004
0.52129242 8.63687148 3.43636426
0.44594653 10.64346233 2.041332
0.58204951 8.027306 3.61631834
0.96321841 8.91958967 2.4741536
0.65320082 8.87134655 2.54539911
0.82225168 8.57185517 2.63659404
0.42310091 9.16506818 3.11781366
0.13200095 9.7984216 3.20706543
0.16701451 9.07442485 2.24594457
0.07147219 8.49761218 3.0672813
0.3323347 9.12000937 2.21484485
0.75297053 8.94112594 4.0724167
0.51629723 8.7500224 3.21231882
0.42047513 9.68680964 3.66369981
0.2873563 8.0497973 2.06470758
0.28568804 9.02363128 2.57182976
0.87241109 9.17665256 2.29260105
0.44564157 8.37132409 3.47142834
0.05045175 9.75213623 3.46360021
0.83449921 8.51199761 2.99152515
0.19460537 7.93639569 3.10542545
0.8809374 9.99086241 2.47828463
0.84008057 9.4022444 2.27101357
0.77340616 9.93891521 3.40194152
0.8333513 9.69106275 2.37078283
0.81573198 8.32524203 1.88168743
0.23557433 8.18557246 3.21665003
0.48976953 8.73680808 1.91238402
0.63431891 9.76566139 2.82748046
0.59040893 8.43668642 3.34046204
0.40039942 8.7477959 2.90172655
0.6264974 8.80099178 3.81868699
0.31403935 10.46975132 2.14573942
0.66665968 8.30955504 2.75388184
0.0849498 8.37019013 3.08729563
0.71291739 9.33271921 3.86138794
0.52719165 9.4593742 4.72934989
0.42470734 10.52103971 2.50190574
0.50639337 8.35784348 2.58716515
0.6957131 8.25451844 3.88392797
0.89732667 10.24194829 1.21715866
0.77425596 9.81165519 2.64008559
0.31793167 10.352261 3.83815555
0.07695133 8.11922424 2.82197522
0.76412647 8.44865972 4.0654543
0.26880103 8.75520064 3.4823392
0.23959536 9.17406597 2.62778139
0.55380062 9.21487698 2.65341048
0.25629509 8.4943518 3.86590392
0.35966284 9.04001019 2.3244387
0.70452623 9.10991144 3.13570374
0.87475082 8.81461237 1.99980166
0.31711751 9.74906314 3.70253234
0.4615521 8.07360723 2.30147309
0.45728066 10.71906234 1.84682543
0.26316004 8.50756737 3.6298598
0.9435067 8.80157199 2.60697203
0.30184764 9.83656019 3.76694291
0.28531796 8.07233062 2.74550136
0.59289479 8.08664338 3.60448608
0.90140533 8.54094659 3.20123153
0.88679383 10.24524016 2.72497026
0.63103601 9.22468829 3.289887
0.72702622 9.54672388 3.0346797
0.70530884 9.6436893 3.8681522
0.45400942 9.16019791 3.50510496
0.21020308 9.0694937 3.61891519
0.41419903 8.86851837 2.84070206
0.10317604 9.30101275 2.03947977
0.44854439 9.12187648 3.95239205
0.74828963 8.46320016 4.27303184
0.5950179 9.781784 2.23873822
0.50753861 10.30405095 3.52888807
0.49891254 8.16992125 2.23168481
0.21531771 9.40034281 4.69783096
0.62421509 10.3227984 3.52116716
0.85320586 8.12502685 2.13446916
0.72647124 9.01534528 2.98603147
0.23005525 8.36035259 2.70590809
0.10766986 7.16735912 2.84860688
0.46393695 9.45545817 2.16146064
0.82834668 8.73123915 2.9199429
0.39304677 10.71262057 2.5106681
0.3650724 7.87935158 3.52071577
0.77145718 9.90483588 2.3706247
0.16112184 8.66867393 3.43249654
0.02457268 10.21169758 1.92641126
0.75225357 9.45464185 1.52473272
0.59912057 9.51885084 1.63973552
0.60702683 8.81220007 2.08336638
0.76796732 8.7508045 3.59340252
0.98623876 9.32870351 4.20666894
0.74922471 7.27985651 3.00706192
0.93179735 8.25317343 1.83215167
0.82229751 8.79295553 2.15813754
0.27903105 9.92348129 2.91427962
0.64506176 9.30175839 2.02834838
0.98962379 9.08036947 3.37514723
0.02820485 8.95799961 2.41587607
0.77503831 10.17639953 3.47059683
0.23625021 9.44352599 3.27479504
0.10231085 9.2247834 2.93501095
0.52692921 9.51223394 2.60490964
0.07871973 8.66680449 3.11725262
0.20737623 9.56206315 1.62483115
0.05846428 8.55447336 3.85846664
0.45797019 8.92622657 2.78311023
0.55636345 9.54742492 4.97149717
0.54923249 8.37279585 4.18908715
0.62311796 10.42172535 2.85407709
0.45705977 7.98778576 2.8036982
0.13875295 9.30984474 1.07353618
0.42854385 8.10883191 3.13443765
0.77057846 9.94141752 3.00895577
0.03401172 7.90488314 3.80772136
0.8302516 9.29288684 2.06172084
0.55626916 9.49152915 1.69923783
0.79939601 8.7110362 3.68572295
0.83975109 9.04083654 2.35218033
0.57905314 8.71497569 1.70439199
0.94538419 8.80988138 2.87995977
0.11943318 9.58567505 4.41017666
0.64038978 8.16747075 3.28034254
0.05047308 8.22519415 2.90852069
0.33868976 7.8641589 2.28574945
0.28982229 9.95263307 3.77084077
0.59919015 8.0439831 2.86820805
0.36351336 9.45101403 2.16622372
0.7263102 9.15779248 3.3092396
0.21822956 8.00996635 3.65745204
0.43057083 8.80024429 2.34144376
0.43465577 8.47234209 3.44270435
0.12938238 8.89472916 2.16079525
0.60197756 9.03424917 3.02062833
0.08010535 8.90336783 3.99859448
0.36333801 9.36634985 2.26116315
0.12424149 10.00486476 4.49641738
0.79033869 9.19319107 2.24631466
0.35528747 8.91560887 2.83560068
0.59624448 7.95610873 3.10862007
0.3012593 8.79690757 4.26421639
0.91208775 8.71793557 1.51945781
0.32526109 8.41659973 3.71960433
0.69185866 8.24025208 3.62300693
0.53846527 9.31510031 3.38793616
0.04947241 9.78152643 4.3189011
0.53396763 9.21710184 4.43816311
0.57395466 8.67971109 3.04596638
0.69915678 8.36707243 2.90152292
0.892039 9.01746897 2.30174005
0.72265711 8.01087077 2.51863049
0.87492635 8.97599291 2.39200926
0.70394678 9.09025137 2.28754603
0.07057655 9.25503868 3.1989264
0.26430615 8.9049813 1.4144918
0.14301076 8.34499204 3.54971624
0.29129487 9.07514716 4.53966016
0.47905944 9.75419156 3.9003795
0.27788607 9.01008214 2.88720378
0.96907187 8.87745703 4.5561593
0.84749473 8.44021506 2.98118281
0.48878065 9.49470315 2.18591931
0.24236564 8.2516706 1.85735359
0.90042419 8.40120411 3.96437036
0.00978648 7.89355321 3.9227174
0.17406144 8.89781289 4.59141274
0.2512549 7.70527852 3.79991965
0.71923243 8.69659943 4.28039652
0.61528512 7.9586322 3.9362186
0.2782771 7.7025358 3.09154793
0.57855056 8.51680452 4.36707225
0.89153538 8.54716605 3.73295136
0.08132785 8.1468797 3.88275444
0.83601705 8.44583944 4.07240743
0.55838158 7.68223563 3.48782397
0.20176827 7.75191083 3.19024374
0.31186594 9.11798228 4.26377464
0.99069073 8.39124788 3.97367976
0.09853265 8.25539721 4.1807056
0.49712478 8.24504911 2.97557958
0.89047218 8.1919783 3.87495835
0.78054346 7.39927638 3.42619167
0.8440802 7.88252695 3.59105475
1.37918840e-03 8.54436908e+00 4.59915148e+00
0.87864765 7.88337601 3.94109938
0.9792873 7.43073568 3.30258673
0.76293899 4.73353328 -0.35316823
0.18043981 5.21868948 0.08485227
0.89849138 4.92456994 -0.27445532
0.00995967 4.7746606 0.12685835
0.43968937 4.55593279 0.27529292
0.99933782 5.0001691 0.79666481
0.46323676 4.73525784 -0.08973535
0.78690238 4.7216824 0.19902928
0.94585888 4.98332744 -0.5186634
0.45921476 5.11249743 0.83466051
0.48417886 4.84123741 -0.01612527
0.64259879 6.41798174 1.1238152
0.86498104 6.24856327 0.41916421
0.87756867 5.55873465 1.52273716
0.53952626 5.7438801 1.53599123
0.89518382 5.75767749 1.26703713
0.32623532 7.13275561 1.33949742
0.25497103 5.22926235 1.18186999
0.34398085 5.076419 1.24997642
0.04528622 5.93706685 1.08800037
0.85930011 5.52458285 0.80303237
0.57978902 6.7363175 2.86088369
0.09085223 4.66061638 1.31122337
0.5904503 5.50974824 1.08051174
0.6548793 6.81676952 0.46940248
0.93211711 5.59955826 0.44282251
0.03383366 4.49653661 0.57768596
0.06971031 6.52967156 1.14457457
0.80532305 6.88233784 1.40983123
0.63348904 4.51115688 0.63316458
0.56503732 5.51485367 -0.58141157
0.61930273 5.80086406 0.40654122
0.21422747 6.37032712 1.81834666
0.77483429 4.99594542 0.64771887
0.49790624 5.45747697 1.80728819
0.07878331 7.45553724 0.36709503
0.83767703 6.23335446 1.5362896
0.07442322 6.66686445 1.6685776
0.59591323 5.5714043 1.2067857
0.68066639 6.60772507 1.79552272
0.9315439 6.98626042 0.68895404
0.19049821 5.10723639 0.68797962
0.58157383 6.38514821 1.15582828
0.74367641 5.83164923 1.28891137
0.7975982 5.18065253 1.99084383
0.25111362 5.33643701 0.23367761
0.19385665 5.28501142 1.02943229
0.12779253 5.76105746 -0.04751686
0.63992948 6.44218536 0.41444201
0.28756653 5.4510486 -0.780747
0.9576146 6.00923219 1.56175164
0.62936342 6.35196085 0.68576059
0.7678818 6.75318436 1.09012634
0.25515624 5.53634067 1.32425521
0.15285506 6.25118627 2.18266549
0.32267352 6.10944387 0.57620407
0.56564252 6.40634849 2.14425128
0.67589942 5.76354765 1.21704868
0.20331674 5.67409804 2.00327557
0.69886922 7.4350892 0.88210563
0.8982966 4.43396937 1.89608549
0.75266842 6.34649396 0.66705538
0.75125044 6.76718002 0.1224828
0.28628347 6.96716315 1.42236395
0.60910282 6.04539732 0.88912921
0.22215729 5.8551371 2.25951233
0.46789569 4.95321696 0.19921914
0.87414508 5.48083289 -0.043398
0.46681517 6.13120783 -0.67136756
0.78901763 6.08203722 0.41197875
0.3276332 6.22128504 0.81936728
0.87618936 5.34237879 1.5080111
0.46047414 5.54493524 0.32130483
0.67009376 6.66236529 2.10331287
0.45728532 4.91343196 0.18712771
0.80259516 6.23514827 1.75324063
0.96454602 6.21300644 1.50907825
0.22390915 5.35737373 -0.74789618
0.77330802 4.90687434 1.34048206
0.00736725 5.02075975 0.65272707
0.07233826 5.91969266 -0.79405968
0.41078811 6.45452507 1.26897657
0.38696408 5.54477053 1.06998951
0.32248257 5.7374839 0.37357364
0.62058662 6.75556824 0.1541347
0.54538986 5.62398419 1.86678469
0.61931482 5.41199096 0.39578323
0.5089026 5.80220407 0.91481537
0.14637062 5.37566462 1.71959689
0.08276824 6.07694376 2.14163404
0.50388275 5.79275305 0.47598163
0.77085772 5.80753402 0.73354299
0.54215773 6.03214889 0.50745209
0.20360162 7.26906722 0.25764731
0.18985959 5.19398721 0.3066991
0.43152997 6.64476412 2.39977849
0.71392721 6.58667925 1.62527737
0.40348603 5.85522605 0.29319527
0.86514681 5.93997501 1.27285635
0.95719556 6.63375157 0.68376335
0.15935301 5.64768505 0.58113385
0.29366775 5.28057262 0.99941924
0.35923299 6.4006898 1.45218357
0.96826428 5.60613337 0.51168969
0.7851788 5.66945559 0.57839396
0.51777341 5.88108456 0.76945604
0.46506506 4.66654563 1.243407
0.26194662 5.59694982 1.12871436
0.81636307 4.94403149 2.07407786
0.68249407 6.39605547 0.91316258
0.34278605 4.94582501 2.29941551
0.98858843 5.08530861 1.68647441
0.81239197 5.23326486 0.57335453
0.60734496 5.92588205 1.21114008
0.67008539 6.17660975 1.13551069
0.47630189 6.28936603 2.12560971
0.34485596 6.82513575 0.80634318
0.55503259 5.84697301 1.69171986
0.9769184 5.33002622 1.33855415
0.26971255 5.33476231 1.73339395
0.29401047 4.89378224 1.0326329
0.77572439 6.30996901 1.14888096
0.5629285 7.1520996 0.59594357
0.1037762 5.13333995 0.34740774
0.99981635 5.98849802 0.06637398
0.42040424 6.25772229 0.79811194
0.21346757 6.09017874 1.13332234
0.15756173 5.78451776 0.16969918
0.12181439 5.7365786 0.5335376
0.65153588 6.77454814 1.08097131
0.43387685 6.63519634 2.24603866
0.54901075 7.06195105 1.43956116
9.48771116e-01 6.26056883e+00 -3.99602535e-03
0.13237794 5.53696905 2.07771237
0.1136344 4.58131445 0.24865332
0.15049479 5.6403087 2.04896318
0.58739601 6.27751401 -0.15528829
0.04098688 6.59959227 1.37710916
0.57443709 5.24423265 1.53765452
0.06945722 6.42808534 1.21694265
0.13024634 5.44363192 1.21652822
0.66756721 6.95128998 -0.50852779
0.33069885 5.50719126 0.73169605
0.44570518 6.14422329 1.25570074
0.79536651 5.57627129 1.51483086
0.00993783 6.12149636 2.87796188
0.23845867 5.27761189 0.86187117
0.13742214 6.71988149 1.78981092
6.12291623e-01 4.95885785e+00 3.82085451e-03
0.65565674 4.68924167 0.80435565
0.37576413 5.48093028 0.29438017
0.81336038 5.28114127 1.20991475
0.4811474 6.0629855 1.92422206
0.22081866 5.84930461 0.67281608
0.07451552 5.42344084 0.59258646
0.89970917 5.1108848 -0.58383252
0.37990818 5.20127133 0.77394539
0.20948542 6.41682756 1.03957255
0.58027736 5.45392597 1.31862897
3.10138382e-04 5.80659890e+00 1.08159340e+00
0.51934183 5.62285408 0.52453168
0.64340768 7.22657475 1.14454561
0.90525732 5.42302031 -0.08311009
0.7686784 5.86062539 2.23143041
0.4777138 7.22838366 2.05329153
0.95781812 5.83639764 1.4237818
0.20173267 6.56485594 1.37082569
0.99415021 5.73016645 0.49871235
0.53149424 4.41923811 1.1926245
0.89564976 5.91907447 2.38597687
0.14215977 5.73892467 1.47772471
0.2476866 5.06315538 2.37018933
0.12974323 5.02069721 -0.34094141
0.89230365 5.5775709 -0.76975748
0.91150327 4.32322376 1.48355147
0.12407817 5.42235369 1.85755423
3.79653981e-01 7.36229786e+00 3.72026641e-03
0.18162031 5.97855515 1.64483253
0.62437376 5.28411076 1.31842142
0.79977551 5.97631265 -0.13686654
0.38921001 6.88716051 0.98958244
0.9862885 6.05582229 0.83765331
0.67856389 5.61887653 0.07493524
0.88972462 5.05385318 -0.07529426
0.24612799 6.89514989 1.66972615
0.00905935 4.9120931 1.29355596
9.85025446e-01 5.09009173e+00 -4.40445126e-03
0.51562377 6.43000119 0.61546482
0.69043911 5.43730133 0.9049912
0.07616975 5.48934504 2.19439761
0.75553729 5.89513158 0.35978947
0.78480244 6.59990502 1.44871137
0.70892951 6.55553355 1.79325761
0.90480011 6.70428475 1.17278683
0.61644611 5.25610829 1.69625906
0.7849581 6.77078648 0.39320923
0.00733751 6.31045551 0.72160823
0.14229346 6.49378319 -0.31332943
0.66342116 7.35851733 0.96771379
0.94629673 5.79799834 -0.14082242
0.71795412 4.99126859 1.86457777
0.69094897 5.80911094 0.89523449
0.42578379 5.83487668 0.45927031
0.41998094 5.62788928 1.32728843
0.7129917 6.58183051 -0.19184587
0.15475445 5.42358067 0.83673004
0.97491324 6.77139487 0.56726713
0.40723751 6.58708812 2.40393115
0.42658556 5.69187652 1.12004823
0.34449361 4.55703507 0.83938346
0.47322913 6.58212089 0.98376417
0.22601231 6.87330375 2.37702836
0.26824487 6.20954421 1.30363234
0.55239665 6.73135035 -0.25127326
0.46615939 6.94220908 0.30565795
0.65566877 5.20372159 -0.04705255
0.19713074 7.18016948 1.04240874
0.94417093 6.83808053 0.42277396
0.55961238 6.58957998 0.25016113
0.95504129 5.11361569 1.75282396
0.25470013 6.40088992 1.12042429
0.03285791 6.69480642 1.08888394
0.70309294 6.24469186 1.05932103
0.70961213 7.17633148 0.69423031
0.78770951 5.69221745 -0.02556998
0.08139692 6.99242127 2.26879981
0.45889503 5.64503051 0.70495566
0.11437464 4.74310059 1.33178726
0.7677682 6.90905921 1.11131883
0.60559367 5.71818696 1.52347308
0.11796278 5.97863407 2.04203931
0.41720779 6.57486388 1.24420562
0.94952403 5.47510329 0.91346481
0.76909407 5.36303292 0.55488523
0.51479623 6.59797487 1.18435072
0.5527624 6.95258467 0.98918277
0.99303188 5.0182092 0.50968478
0.15308831 4.89038564 0.69038403
0.8219034 7.35074154 0.5399839
0.96192589 7.71186548 0.63322183
0.19322113 5.53671951 0.27971824
0.08109497 5.26264633 1.16750683
0.48929 6.5698171 1.27850051
0.4943408 4.94362878 2.00067933
0.46144263 4.45855864 0.74889275
0.82917381 6.44882568 1.97506155
0.58759975 6.71504871 1.34237825
0.75674161 5.38737714 0.05825342
0.67735444 5.9720427 0.54483987
0.84923789 5.74971774 1.03955121
0.64309182 6.19638629 0.39462996
0.79722652 5.87008814 1.03304192
0.38237162 5.47629037 0.86314953
0.98786817 6.50279663 1.58036682
0.93534571 6.81056522 1.27099824
0.40388627 7.58066153 0.68132316
0.63056138 5.53419226 0.82003123
0.03741601 6.45168409 0.53508947
0.88471178 5.81446716 0.55642293
0.31723436 6.27255401 2.25185647
0.22843864 6.23352209 0.88382267
0.55579501 4.66433872 1.42475966
0.05436517 5.56411174 1.21209777
0.15284466 6.01805304 0.78172652
0.21292733 4.8419635 0.4623376
0.55486162 6.01931704 0.81380789
0.64114056 5.45146295 1.29008493
0.99358955 4.65161897 0.61056965
0.29296026 6.31707013 0.31198687
0.09230793 6.16957853 0.13522148
0.22825198 5.59853164 1.50063861
0.87772814 5.63398682 0.26222001
0.32494939 7.1242858 1.01810105
0.80883645 6.17984846 0.49778157
0.53153207 5.00611882 0.86702288
0.93532848 5.40522965 0.80314869
1.17054803e-03 6.66707486e+00 1.00636880e+00
0.69477696 5.70806436 1.35982944
0.72183473 5.65649687 0.85208647
0.61474375 6.42711021 1.68448107
0.67600046 7.57958064 0.75503339
0.15771887 6.64710381 0.71037054
0.52378259 6.74008344 0.3456331
0.49102029 6.37464991 0.7537194
0.87789203 6.320448 0.10726785
0.36236327 5.08691386 -0.26486091
0.62998691 6.14725187 -0.42485797
0.02023047 6.04204407 0.68698184
0.35074952 6.53179869 1.0659042
0.9246511 5.26548241 1.6796031
0.51639407 7.09141907 1.38513325
0.07335424 5.66065365 0.72867331
0.53552127 5.85573263 1.97517893
0.63213319 6.11473106 1.67975477
0.07221282 6.50498517 -0.28887904
0.74896459 6.683039 -0.49031597
0.32747137 6.41431312 1.62592541
0.77233708 6.46068354 1.60352388
0.90354802 5.91104703 0.94805909
0.80539142 6.21138345 0.50016374
0.12594959 7.38404783 0.31479522
0.75217195 5.65975785 -0.35965183
0.14941301 5.60382608 1.11537989
0.12928834 5.35844943 1.26251774
0.30714479 5.51876398 -0.02396858
0.29734772 5.58827331 0.79694093
0.48267126 5.30384929 2.09845682
0.36436262 6.90515874 0.95220858
0.9730761 4.73592594 1.68664724
0.71186772 6.26989109 1.2211859
0.84734245 5.49944266 0.70949288
0.23148674 6.9760493 1.53284752
0.62307246 5.56516266 0.48235715
0.776444 7.06131498 0.39087919
0.59745509 4.82012759 -0.70006537
0.77571889 6.30651345 1.41273991
0.79513646 6.29074148 0.67090702
0.54256488 5.03013382 0.33218497
0.15626197 6.74549414 1.06823676
0.61250476 5.71518117 1.52804189
0.04465658 6.74434667 -0.12361776
0.24369157 6.53847479 0.65937093
0.60165703 7.58639966 0.51594929
0.41565425 7.46145982 -0.25009445
0.17597639 6.29026004 1.51671101
0.9003231 6.85304067 -0.16833622
0.16242548 7.04826711 0.64504854
0.75018269 6.23588904 2.16442947
0.18487494 5.54684485 1.58283007
0.51970995 6.431284 1.22003369
0.05898464 4.84851164 0.6334973
0.18492948 6.56169502 2.07121842
0.3952277 6.13597564 -0.05775027
0.26753099 7.7229759 0.87228895
0.8433329 6.46897721 1.7764178
0.51203583 7.45807012 0.47186691
0.90379874 6.41587671 1.98208379
0.45306892 7.23339868 -0.0110227
0.3745272 5.83433495 1.26791115
0.47590211 5.21145164 2.02889043
0.46976938 7.08090637 0.94908315
0.57321646 6.89442397 0.90701986
0.98306573 4.66938872 0.48020631
0.22360853 5.36690087 1.53652441
0.38293624 6.7302796 -0.39309356
0.84752479 6.75176815 1.01460946
0.11850555 6.96271896 0.74239204
0.06838227 6.61567284 1.08653661
0.62498083 4.41178772 1.19425664
0.79049737 5.60488157 1.36383503
0.68654602 6.28741616 0.16958759
0.31470579 4.38826952 1.98536941
0.19888098 6.91331359 1.04455206
0.31240085 4.5555464 0.91411527
0.7629007 6.94058238 1.32232937
0.89869246 4.84754715 0.65284651
0.45670047 6.63510351 -0.2137892
0.80931018 5.32898541 0.80654054
0.89800754 5.35472235 1.42468951
0.05468657 5.69629146 2.86803236
0.99390731 6.58336915 1.30782186
0.9665911 5.50945641 0.61324517
0.21038367 4.87929453 2.37798163
0.80993935 6.13789174 1.7144097
0.46579596 7.0489202 1.47013546
0.21906389 5.65988046 0.65504011
0.99542728 5.13069877 0.73990652
0.55704969 5.90148766 1.84866011
0.94644579 6.80955499 1.22795088
0.86174201 6.52356398 1.30971651
0.62195745 6.08809003 0.78493153
0.94537694 5.50495789 0.28608847
0.91491894 6.10905508 2.2856035
0.72080389 7.87303073 0.95374522
0.9194178 5.83000182 0.03577358
0.37282893 4.87363168 1.31942642
0.50899015 4.87085251 -0.52844282
0.59083921 5.86542771 1.56724093
0.5552059 6.66946105 1.57835177
0.47979541 6.70934316 1.06523205
0.73064627 6.57807801 1.26926709
0.93768729 4.70529627 0.4952167
0.52473763 4.76809136 1.15497674
0.07049517 5.45148665 -0.0408298
0.41751751 5.55312584 0.20678158
0.16725077 5.8206728 1.49748169
0.16867207 5.97598292 0.56535462
0.27985246 6.21133419 1.03905546
0.41995745 5.30657275 1.06596186
0.25085698 5.77690788 0.93352567
0.11060171 7.08712094 1.26541579
0.7118659 4.86706258 0.07370945
0.70686822 4.84006775 0.77381719
0.06839636 6.14301161 0.92104144
0.81353962 7.43267631 1.4431167
0.47398468 5.47946574 2.73709836
0.05881046 4.62681134 1.81597045
0.6459697 4.2180589 1.69435111
0.72224082 5.4513267 2.33337416
0.34874466 5.52142547 2.39840613
0.94499397 6.25532063 2.60966576
0.16172179 6.53496594 2.68906813
